1442	1
2200	1
3793	1
8232	1
29916	1
2973	1
1824	1
4298	1
3778	1
4800	1
4609	1
5071	1
3369	1
14460	1
3716	1
9085	1
3209	1
2838	1
14588	1
4504	1
3102	1
3127	1
4373	1
3981	1
29426	1
4223	1
2509	1
8083	1
13650	1
23207	1
3901	1
1975	1
2778	1
53621	1
64299	1
3084	1
58503	1
4699	1
13427	1
4782	1
8379	1
1383	1
3898	1
4822	1
7695	1
4880	1
4806	1
3712	1
4446	1
14216	1
14218	1
9658	1
802	1
12581	1
9010	1
3597	1
2335	1
2078	1
2877	1
9508	1
2548	1
23571	1
69379	1
1774	1
8700	1
2255	1
7342	1
2412	1
2076	1
4519	1
1263	1
1397	1
14685	1
2469	1
1563	1
12726	1
2568	1
4775	1
2851	1
768	2
4138	1
2416	1
2361	1
14584	1
37940	1
3516	1
24980	1
3403	1
4637	1
9605	1
19906	1
3101	1
3019	1
42238	1
9256	1
4141	1
7574	1
4849	1
8855	1
9634	1
3619	1
8999	1
3952	1
2658	1
3259	1
12063	1
1519	1
40168	1
7393	1
12730	1
2121	1
3865	1
7693	1
4335	1
13368	1
14210	1
1932	2
830	1
13501	1
44783	1
5014	1
1810	1
690	1
10864	1
5047	1
14394	1
8457	1
8942	1
7983	1
4449	1
1198	1
4489	1
2102	1
15158	1
3918	1
1963	1
74440	1
1069	2
15847	1
1026	1
8875	1
18559	1
30452	1
2748	1
7979	1
2687	1
4581	1
1327	1
2410	1
7309	1
421	1
2728	1
2300	1
1297	1
1581	1
13773	1
18860	1
7354	1
3053	1
1089	1
2520	1
346	1
11615	1
1441	1
11272	1
6185	1
2708	1
3570	1
3328	1
4105	1
3831	1
3817	1
3135	2
1568	1
1077	1
2294	1
14990	1
3764	1
9603	1
3804	1
1936	1
1982	1
2825	1
9819	1
7827	1
2449	1
913	1
8623	1
5064	1
60254	1
879	2
3702	1
4501	1
4401	1
5087	1
11676	1
20226	1
1124	1
6211	1
7663	1
3774	1
5058	1
30493	1
3377	1
29155	1
50840	1
3655	1
7468	1
6839	1
572	1
2796	1
18057	1
19784	1
4156	1
3571	1
4183	1
3839	1
1343	1
6430	1
3961	1
2672	1
17933	1
8463	1
4971	1
1422	1
7817	1
955	1
11129	1
1474	1
26909	1
1895	1
9875	1
2321	1
15064	1
9062	1
4904	1
2158	1
15227	1
68968	1
2837	1
889	1
822	1
4985	2
3375	1
3399	1
14276	1
4463	1
968	1
39041	1
10102	1
1602	1
9465	1
7997	1
3270	2
5079	1
3096	1
1142	1
36751	1
63070	1
5025	1
11299	1
1125	1
1675	1
3660	1
3495	1
28930	1
5960	1
9601	1
2727	1
4809	1
255946	1
8431	1
1940	1
4082	1
9169	1
2938	1
4914	1
14764	1
3701	1
13875	1
5043	1
8159	1
8167	1
2866	1
17391	1
3896	1
27232	1
1292	1
7505	1
1765	1
8827	1
8902	1
2402	1
12576	1
3477	1
9011	1
10040	1
4953	1
2710	1
12895	1
9515	1
4924	1
13916	1
5042	1
1926	1
6880	1
23858	1
18771	1
18749	1
2479	1
6358	1
2217	1
2538	2
14665	1
663	2
15099	1
10136	1
11166	1
14181	1
9094	1
18887	1
7620	1
27712	1
7364	2
9551	1
13624	1
3929	1
18226	1
38660	1
3064	1
8151	1
4260	1
3737	1
2500	1
6656	1
3798	1
19888	1
3577	1
12656	1
3520	1
4144	1
27151	1
1716	1
7686	1
28741	1
3306	2
2116	1
41703	1
1007	2
14402	1
13344	1
2096	1
4840	1
6834	1
8102	1
1038	1
3650	2
3055	1
24196	1
12759	1
2585	1
14311	1
3878	1
4510	1
3297	1
7152	1
1221	1
13410	1
3236	1
3481	1
7927	1
4741	1
8436	1
3398	1
4274	1
2114	1
4944	1
2240	1
3960	1
4621	1
17760	1
12210	1
4319	1
7256	1
2169	1
5033	1
4874	1
1759	1
12935	1
2737	1
6955	1
8315	1
3035	1
4497	1
676	1
12193	1
9326	1
4239	1
1101	1
6979	1
3391	1
1852	1
4966	2
2066	1
21411	1
7120	1
6972	1
17146	1
15094	1
3882	1
16422	1
9237	1
2084	1
2423	1
1524	2
7955	1
7139	1
42240	1
2422	1
3397	1
90113	1
24779	1
3530	1
3052	1
1904	1
28976	1
12303	1
30017	1
13045	1
2871	1
1729	1
6806	1
2806	1
2077	1
9500	1
8809	1
7802	1
4225	3
3256	1
22514	1
1050	1
18168	1
2907	1
1287	1
3261	1
21721	1
1373	2
3888	1
28803	1
4280	1
50063	1
4173	1
4643	1
3789	1
2458	1
8963	2
141225	1
2394	1
7271	1
14585	1
4549	2
2073	1
1060	1
4546	1
359	2
1888	1
2123	1
1332	1
3841	1
29058	1
2904	2
8638	1
3589	2
8621	1
3534	1
4038	1
3204	1
15186	1
5012	1
34868	1
9433	1
2313	1
4526	1
4339	1
1501	1
13588	1
4597	1
617	2
3658	3
13321	1
2541	1
3371	1
4602	1
2685	1
2379	1
2132	1
4970	2
4100	1
7591	1
12678	1
2824	2
3948	1
2696	1
3319	1
904	1
1990	1
12657	1
30303	1
3498	1
13672	1
4476	1
4507	1
9293	1
80705	1
1163	1
14387	1
9300	1
15155	1
3459	1
23807	1
1682	3
12171	1
13304	1
4033	1
1427	1
8795	1
3537	1
28563	1
3128	1
11735	1
16822	1
2028	2
20144	1
9181	1
688	2
33463	1
3508	2
22166	1
6905	1
1818	3
2104	1
1300	1
2925	1
8380	1
7133	1
4488	1
4820	1
2113	1
7200	1
12255	1
34699	1
3528	1
1455	2
2424	2
3023	1
9969	1
9311	1
4099	1
4303	1
5026	1
3214	1
4790	1
3329	2
4161	1
3735	1
3124	1
2636	1
2561	1
973	1
38071	1
3535	1
57204	1
26682	1
1247	2
3373	1
1958	1
2523	2
3312	1
8399	1
12116	1
1942	1
7193	1
12959	1
2785	3
2258	1
1658	1
7873	1
2786	1
9476	1
2012	1
9775	1
15219	1
2426	2
3946	2
1150	1
22633	1
2285	2
2498	1
8243	1
2641	1
7443	1
5602	1
1349	1
1226	1
2997	1
3123	1
3868	1
8955	1
1699	1
2155	1
817	2
2472	1
1293	1
1836	1
4188	1
39797	1
11209	1
1734	2
2752	1
29801	1
19627	1
2191	1
1337	1
7796	1
1028	3
714	2
334780	1
2853	2
18052	1
2791	2
1248	1
3938	1
1671	2
9804	1
1654	1
1255	2
27599	1
2164	2
1118	1
3649	1
4551	1
7784	1
1917	1
6171	1
13698	1
2320	1
4663	1
3754	1
13608	1
7860	1
3633	1
3071	2
2417	2
27852	1
1229	2
5068	1
466	3
5034	1
3552	1
571	4
1037	1
6124	1
2495	1
2703	1
9021	1
8049	1
4752	1
8316	1
4673	1
4704	1
3275	1
7330	1
9014	1
4910	1
14466	1
9581	1
6777	1
2620	1
7707	1
3355	1
29232	1
8884	1
14030	1
3811	1
2614	2
8218	1
1528	2
3094	1
1238	1
2586	1
4813	1
917	1
4344	1
2146	1
7072	1
3419	1
2591	2
9416	1
7626	1
2615	1
694	1
1609	1
14936	1
8015	1
13102	1
2344	3
2281	1
7368	1
3262	1
1174	2
30233	1
8443	1
4865	1
3641	1
3155	1
3875	1
1260	2
6688	2
1601	1
3910	1
3594	1
12331	1
2157	1
8492	1
13579	1
3405	1
4454	1
1159	1
6246	1
498	4
7812	1
2181	1
4255	1
3164	2
310	2
4950	2
1861	1
890	3
20909	1
561	2
1119	1
972	1
1851	1
3149	2
8228	1
3141	1
4308	1
1627	2
2440	1
2642	1
2358	1
12532	1
20341	1
17470	1
8109	1
3022	3
8703	1
3616	1
8765	1
7129	1
4124	1
7074	1
73205	1
1987	2
2447	1
2961	1
4705	1
8723	1
13810	1
959	1
1738	4
3782	1
3690	1
12953	1
2779	2
4081	1
19342	1
6883	1
1796	1
2475	1
2578	1
22926	1
9607	1
10952	1
778	1
23192	1
2844	1
13018	1
4249	1
2159	1
8133	1
644	2
2435	2
18726	1
3465	1
3851	1
27869	1
2434	1
1804	1
6797	1
3733	1
1336	1
6423	1
3612	1
2903	1
895	3
4202	2
4383	1
2781	1
3682	1
861	1
43582	1
1116	1
1653	2
24974	1
4626	2
7962	1
2875	1
1259	1
16950	1
6776	2
1689	1
1859	2
1168	4
808	2
1387	1
3158	1
2521	1
364	1
42523	1
3980	1
12931	1
2056	1
12230	1
750	1
1261	2
6348	1
6942	1
19037	1
3776	1
3142	1
12852	1
3045	1
1777	2
24280	1
1220	1
13277	2
8473	1
23734	1
3517	1
1071	3
4112	1
24288	1
3513	1
8175	1
3088	1
2766	1
4088	2
2952	2
7822	2
33257	1
3024	1
4612	1
1659	1
50716	1
11201	1
1027	3
8068	1
6694	1
1607	1
2573	1
1556	1
1482	1
12844	1
2623	1
7458	1
1382	1
1703	1
409	1
1737	2
1208	1
14246	1
13252	1
3078	1
4830	1
1066	1
1787	2
3033	1
2792	2
7879	1
481	4
4736	1
2976	1
2799	1
622	1
2457	1
945	4
15911	1
650	1
3705	1
573	4
4194	1
8669	1
3582	1
4070	1
11874	1
1700	1
7031	1
1944	2
598	2
8690	1
18864	1
849	1
5936	1
7493	1
4647	1
527	7
4046	1
2253	1
1233	1
9789	1
4702	1
43997	1
8388	1
4103	1
7864	1
3347	2
8054	2
4803	1
3828	1
709	1
7907	1
3431	1
5924	1
837	2
11011	1
12502	1
2328	1
940	2
6027	1
114079	1
160	4
1788	1
4218	1
2234	1
21657	1
1309	3
689	1
5965	1
1828	1
1842	1
3806	1
2216	1
12313	1
7226	1
2139	2
8092	1
3005	1
848	1
2473	1
22988	1
7128	1
2041	1
3201	1
1204	2
2403	1
3382	1
2547	1
2075	1
1388	2
1083	1
5008	1
3169	1
903	1
2047	2
8418	1
2593	2
7680	1
483	4
2684	1
12858	1
514	2
5835	1
748	1
9210	1
1600	2
11332	1
11436	1
6349	1
7194	1
2107	1
2589	1
1073	1
1697	1
2006	1
1451	2
1969	3
2298	1
2756	1
1825	1
1838	1
1555	1
369	3
27606	1
2171	2
2963	1
1837	1
1806	1
27715	1
2280	1
3029	1
2946	1
58095	1
7060	2
8044	1
42739	1
2043	1
7130	1
17304	1
1228	3
9547	1
6928	1
1841	1
7528	1
2441	1
2611	1
4486	1
2876	2
4263	2
2988	1
914	1
3479	1
975	2
4009	2
2738	2
944	2
7001	1
1914	1
9445	1
4106	1
2179	1
3829	1
2239	1
506	4
1792	1
2517	1
4724	2
17646	1
2385	2
850	3
4960	1
1424	2
2691	1
3231	1
963	1
6259	1
1172	1
6515	1
1428	1
1239	1
5055	1
2638	1
5748	1
1655	2
6818	1
1731	2
9222	1
2530	2
4399	1
23077	1
2729	1
1911	1
1755	1
4996	1
1005	2
1075	1
7428	1
2341	1
4674	2
9711	2
4624	1
2147	2
4827	1
2318	2
1952	2
3034	1
413	6
1389	1
3050	2
2813	1
1468	3
582	3
4433	1
1380	2
3121	1
1231	1
1490	2
2342	2
2476	1
8892	1
6909	1
1822	2
26957	1
1522	1
16783	1
3175	1
2770	1
1784	3
1401	1
763	1
42056	1
1360	2
4357	1
3726	1
13900	1
2343	1
2126	2
7213	1
1023	2
810	2
5897	1
2059	3
678	2
2268	1
5592	1
505	2
722	3
1795	1
4189	1
1399	2
2032	1
13026	1
7939	1
1209	1
6296	1
2058	1
7145	1
18587	1
3326	1
7320	1
2233	4
922	2
947	4
9865	1
20039	1
6993	1
14696	1
4453	1
4368	1
2628	1
3959	1
3646	1
2219	2
651	2
682	2
1335	2
4326	1
1921	1
7036	1
655	2
6039	1
952	2
7391	1
8350	1
23611	1
2923	1
1853	2
771	1
4502	1
2790	2
3117	1
1938	2
5836	1
749	2
2293	1
7055	1
1968	1
1328	3
1931	1
408	4
9628	1
17523	1
1288	2
1746	1
1081	2
6168	1
4153	1
2683	1
4555	1
8373	1
5786	1
699	2
3617	1
3383	2
1285	1
1013	2
782	2
4096	1
341	6
4233	2
1171	1
2537	1
704	3
2918	3
1207	2
2588	2
3068	1
8055	1
1348	1
5065	2
6854	1
1767	2
4080	1
4781	1
495	7
13837	1
2513	1
2029	1
3757	1
7542	1
721	1
5808	1
720	4
1453	4
5616	1
529	1
1136	1
2257	1
7395	1
3669	1
8756	1
3559	3
4839	1
15013	1
2619	2
12793	1
1061	2
2085	3
499	5
8072	1
6131	1
1044	2
1688	2
2153	2
1805	1
9996	1
1376	1
7956	1
3891	1
3611	1
13154	1
4028	1
9265	1
539	1
2261	2
2656	2
28436	1
3001	1
3441	2
1223	1
16484	1
3083	1
461	3
1406	1
3299	1
8076	1
3598	1
3400	1
18661	1
991	2
2152	3
7098	1
2011	3
2484	1
2244	2
2185	2
2289	1
638	2
3427	1
4214	2
5035	1
7932	1
4825	1
1378	1
6365	1
1278	1
420	2
14523	1
20113	1
6647	1
1560	1
1164	1
26152	1
5804	1
717	1
1588	1
6675	1
2286	2
2099	1
36220	1
611	4
3036	1
1402	1
6581	1
3699	1
960	4
4619	1
6105	1
6780	1
1878	2
2497	1
7584	1
13387	1
9562	1
23082	1
7821	2
665	1
536	5
1534	1
17691	1
2430	1
4162	1
22310	1
3226	1
1186	3
2807	1
33355	1
2833	1
4147	1
1869	1
6371	1
1284	1
1272	2
756	4
2468	2
4812	1
1189	2
2197	1
12371	1
4570	1
1727	1
2492	2
7976	1
1903	1
1374	1
1877	1
1024	2
32931	1
2409	2
1286	1
11417	1
1243	1
6071	1
984	1
8782	1
2242	1
7329	2
1749	1
1067	1
7118	1
7850	1
2383	1
6541	1
1454	1
3394	1
6692	1
1605	2
1721	1
13421	1
14026	1
1558	3
6645	1
1720	2
14464	1
9377	1
3749	1
3061	1
5672	1
585	3
20933	1
5893	1
21154	1
2998	1
8085	1
893	3
1835	1
2630	1
8446	1
3359	2
4448	2
4023	1
1257	2
18868	1
19584	1
752	2
22026	1
1678	1
558	3
3241	1
1801	1
2978	1
3967	1
2525	1
712	1
1356	1
1347	2
528	6
23278	1
3756	1
8972	1
8074	1
6102	2
1015	2
3063	1
12122	1
1948	1
47731	1
1065	2
37084	1
1475	4
4564	1
1319	2
1966	1
6289	1
1202	1
3610	1
2231	3
2215	2
24728	1
42932	1
881	2
5968	3
7704	1
2617	1
455	5
14596	1
151518	1
4061	1
8626	1
3000	1
3111	1
1452	1
4733	1
1033	4
20813	1
465	1
6280	1
1193	3
863	3
1527	1
1495	1
14932	1
4758	2
20132	1
2238	1
7325	1
26939	1
1504	2
7965	1
5460	1
373	6
16126	1
865	3
1779	3
6866	1
14722	1
4548	2
2649	1
1907	1
2747	1
23095	1
54905	1
9556	1
14127	1
9915	1
2054	1
377	4
8961	1
4558	1
9645	1
696	3
3859	1
3193	2
1844	1
1011	1
12334	1
7247	1
2160	1
28785	1
3350	1
11389	1
1215	1
2097	3
5631	1
544	2
1461	1
7305	1
2942	1
1862	2
3342	1
1148	2
1053	3
1694	5
17789	1
16054	1
5880	1
793	1
9060	1
3973	1
2161	1
1782	3
1203	2
5758	1
671	3
3893	1
1178	1
969	2
6453	1
1366	2
1181	2
3265	2
2120	2
2664	2
1313	3
9940	1
7760	1
3028	2
6305	1
1218	1
23259	1
2911	3
1408	2
6495	1
2427	3
1548	1
6715	2
1967	1
915	1
3689	1
4722	1
3325	1
1512	3
927	2
1748	1
1176	1
1006	1
27940	1
2505	1
8679	1
2643	3
1310	1
4192	1
9279	1
4995	1
4235	1
1141	4
1070	1
3233	1
443	4
1647	1
631	3
15651	1
390	3
3572	2
537	1
5583	1
496	3
13158	1
2984	4
1571	4
18353	1
883	4
18793	1
3004	2
1954	3
1871	1
351	2
4799	1
8914	1
3827	1
3772	3
176	9
2931	1
13105	1
3352	2
1634	3
365	5
10834	1
5747	1
660	3
8007	1
426	7
44149	1
8540	1
475	1
1275	2
251	5
1273	1
6340	1
1253	3
658	4
1760	2
1139	2
2759	1
37417	1
2882	3
12827	1
2653	2
336	4
974	6
946	3
6033	1
19556	1
3105	1
23453	1
9401	1
14331	1
4157	1
2879	1
7966	1
5406	1
319	6
6691	1
1604	2
1294	1
8372	1
1484	1
930	1
592	3
603	3
2960	1
1419	2
1535	1
4740	1
59511	1
2943	2
1110	4
769	2
316	7
1511	2
264	9
7335	1
270482	1
871	3
615	3
1072	4
5746	1
659	4
593	2
2950	1
5528	1
441	7
7512	1
978	5
213	8
738	5
1466	2
1616	4
208	10
459	4
12244	1
3258	1
8345	1
3717	1
12663	1
7016	2
1929	1
820	3
8264	1
3177	1
1681	3
11840	1
35664	1
55	19
845	4
472	3
5559	1
14208	1
4034	1
3661	1
8748	1
1677	2
3074	1
900	3
3118	1
5848	1
761	1
303	7
18161	1
2900	1
543	4
438	4
317	3
7388	1
724	5
21795	1
3565	3
4524	2
11609	1
26870	1
6522	1
1435	1
277	9
7721	1
2634	3
1912	1
15334	1
73	20
7144	1
5611	1
524	3
13055	1
2881	2
1566	1
6653	1
1939	2
801	5
1068	4
3425	1
2177	3
625	5
2982	1
3042	2
477	6
762	1
5849	1
1135	1
5246	1
159	7
4873	1
619	3
545	4
392	5
294	10
2651	2
3031	1
5696	2
609	4
188	4
12719	1
2545	4
4902	1
695	1
326	6
936	4
5291	2
204	13
333	8
332	7
2689	2
2316	1
7403	2
2550	1
339	8
168	8
983	4
17310	1
2049	2
4200	1
1843	2
1708	2
1845	2
1773	3
906	2
189	7
5443	1
356	6
81	29
5543	1
456	9
2549	1
7636	1
2922	3
565	5
10325	1
151	12
58465	1
12682	1
2508	2
14293	2
7719	1
345	9
4926	1
6199	1
1112	2
3	9
5088	1
374	3
783	5
2767	1
7854	1
701	3
3058	1
2812	1
7641	1
2927	1
9859	1
431	2
236	10
741	3
730	2
1450	1
13981	1
8894	1
3807	2
300	6
7371	1
253	4
422	8
7181	1
73177	1
2467	3
110	9
11282	1
6195	1
1481	1
5981	1
11068	1
894	3
511	7
11238	1
1064	3
8508	1
18682	1
3421	1
17618	1
2357	1
139	10
823	2
3180	1
2061	1
17322	1
703	3
1812	2
1439	4
6526	2
503	8
1612	1
746	4
18225	2
2964	1
607	5
1970	1
7057	1
403	9
7847	1
2760	1
6667	1
1580	1
16841	1
5429	1
342	8
764	4
5644	1
557	5
2914	1
2536	1
7623	1
552	3
2909	1
11777	1
1603	4
24	34
1883	1
2118	2
3826	1
1469	4
938	4
3295	1
6452	1
1365	3
4040	2
1683	3
3307	1
3822	2
5282	2
195	10
4631	1
2274	1
3522	1
9089	1
4002	1
280	6
1668	1
5510	2
423	5
2780	1
2598	1
241	6
1489	3
3100	1
13274	1
6399	1
1312	1
966	3
1988	2
6702	2
44414	1
23929	1
318	7
3215	2
858	2
476	5
1863	5
4	144
899	3
1866	2
33	18
2390	3
4747	1
10828	2
654	3
2480	1
1093	3
3311	2
954	4
916	2
516	6
3281	1
2908	3
7995	1
371	6
11654	1
1480	2
3837	1
13265	1
109	17
32615	1
7180	1
7553	1
2466	2
173	9
4887	1
7100	1
2013	3
1525	2
321	10
2305	1
7392	2
8666	1
3579	1
1222	2
252	4
1361	2
2038	1
1713	1
604	8
10032	1
1416	1
5324	1
237	10
4951	1
59	27
4659	1
2302	2
2597	1
240	6
3989	1
31206	1
10858	1
684	1
8136	1
268	8
12799	2
2625	2
804	5
3161	2
2367	3
7454	1
381	5
440	1
4635	1
2278	1
1707	3
295	3
7366	2
1306	2
6393	1
1679	1
1646	1
11763	1
4692	1
673	4
9	69
2366	2
1393	3
6266	1
1179	2
2648	2
291	4
6196	1
1109	2
736	1
5823	1
708	3
6134	1
1047	5
5761	1
23752	1
3404	2
135981	1
8806	1
4092	1
1043	3
4447	1
247	10
442	7
794	3
243	8
2600	1
394	9
4258	2
16192	1
6018	1
931	3
1206	2
2340	2
6713	1
37235	1
3864	1
8951	1
2897	1
18158	1
9438	1
10	63
149	9
647	7
4728	1
9815	1
387	6
530	8
11813	1
1639	2
5947	1
860	2
398	8
226	4
4805	2
7535	1
2448	1
1974	2
979	3
4306	2
5969	1
882	4
961	2
8032	1
1464	7
148	8
5290	1
203	9
8105	1
1034	2
10563	1
389	1
7833	1
18007	1
2746	1
1498	1
892	2
4219	1
2714	2
357	4
41275	1
579	4
1080	3
548	3
2905	1
123	12
20471	1
3972	1
4418	1
8186	1
3099	2
742	1
10485	1
311	4
2668	1
23	34
2380	2
11306	1
1132	4
5853	1
766	5
5549	1
462	5
920	2
6007	1
2700	2
4837	2
9924	1
719	5
2762	1
5492	1
405	4
7476	1
2254	3
190	8
2048	3
35	27
2111	1
5638	1
551	8
2769	3
412	1
54127	1
656	3
934	3
7259	2
17433	1
1717	1
1928	4
7015	1
242	8
1128	2
435	6
4203	3
1846	2
876	3
2860	2
7947	1
5225	1
138	7
5227	1
140	14
244	5
3903	2
2655	2
10472	1
298	7
437	4
2481	1
124	12
263	7
3810	1
5353	1
266	5
1074	4
478	8
105	11
5192	1
568	5
1680	1
1330	2
957	2
6044	1
22078	1
1730	2
621	5
3470	1
28905	1
1896	1
24601	1
4253	1
4623	1
4992	1
278	6
290	6
2315	1
12489	1
15	44
1491	3
6127	1
1040	3
305	6
1242	2
133	11
5229	1
142	9
4856	1
470	5
5396	1
309	11
5023	3
314	10
687	1
3044	1
1643	2
534	3
2891	1
22943	1
7682	1
2595	2
238	5
34367	1
3845	1
1488	2
518	6
2461	2
836	4
16474	1
15931	1
670	6
1709	1
4066	3
7103	1
86511	1
32	21
1860	2
1265	3
156	7
258	7
16946	1
1685	2
10750	1
576	4
8020	1
2933	3
759	5
2338	2
4695	2
9409	1
214	4
11861	1
1687	2
5665	1
15839	1
578	3
2935	2
230	11
1339	3
912	1
3269	2
918	3
1009	3
115	18
4829	1
1115	4
444	7
152	5
581	4
841	5
4168	1
1438	4
6525	1
6898	1
1811	2
13508	1
1723	1
1350	1
6437	1
3527	1
1170	2
200	10
2068	3
1995	2
11060	1
886	2
363	10
685	2
5772	1
1058	2
986	1
6073	1
250	7
5608	2
521	2
11611	1
9254	1
919	1
6006	1
1048	2
1840	3
723	2
5191	1
104	20
15365	1
484	4
1025	4
3635	1
308	6
1205	4
3562	1
40792	1
96	18
7540	1
2453	1
4810	1
6710	1
1623	2
11256	1
1082	2
2707	3
350	1
7933	1
2846	2
1030	4
2682	1
11608	1
1434	2
814	3
3171	1
924	3
6011	1
9338	1
3858	2
34007	1
8572	2
71	28
2428	1
11974	1
1800	2
17926	1
2665	1
23013	1
629	4
672	6
37	31
4560	1
773	4
1999	2
9443	1
4356	2
31980	1
1458	2
1085	3
6172	1
2540	1
183	6
7409	1
6663	1
1576	2
16837	1
338	5
2764	1
5494	2
407	6
546	7
7310	2
2223	2
5	95
2362	1
2247	4
29	16
1652	3
8400	1
3313	1
956	6
4503	2
10241	1
67	23
1258	2
1772	2
14303	1
4129	1
5333	2
246	5
4216	1
12172	1
1998	2
3402	1
1045	2
1184	2
643	6
102	16
48	18
15282	1
21	31
4735	2
1130	3
101	15
1210	3
3567	2
91	14
15352	1
953	4
5684	1
597	3
99	20
532	3
4968	2
46037	1
254	7
941	3
5185	1
98	14
4071	1
14245	1
5190	1
103	10
4817	1
15085	1
3300	1
11083	1
909	2
5366	1
279	11
26	15
5113	1
6129	1
1042	2
753	6
108	13
2092	2
7179	1
24620	1
4272	2
3812	1
485	3
7929	1
2842	1
5184	1
97	10
129	11
562	3
4998	1
10458	1
284	4
504	3
7948	1
2861	1
535	6
10709	1
1281	2
776	3
12561	1
3133	1
2994	4
637	4
404	10
1235	2
2622	3
5352	1
15526	1
265	3
6709	2
1622	3
15774	1
513	8
2870	2
4211	1
8925	1
10643	1
469	9
25904	1
2334	2
1506	4
760	9
677	4
5764	1
2437	4
80	25
219	9
222	4
1331	2
790	6
6700	2
12160	1
7073	1
1986	3
3279	4
7081	1
1994	1
3808	1
10737	1
563	5
2186	1
10407	1
233	3
232	6
1341	3
4155	1
1798	1
3185	2
7731	1
2644	1
179	7
4615	1
5230	1
143	10
657	2
3014	2
6853	1
1766	1
2686	2
329	4
3144	1
8231	1
5060	1
1117	3
828	4
5915	1
1201	5
370	4
1880	1
17141	1
642	5
2999	3
10962	1
788	1
8064	1
5388	1
301	4
4436	1
5368	1
281	5
5180	1
93	14
255	10
989	1
846	5
5717	1
630	5
9502	1
5161	1
74	23
6682	1
7333	1
2246	3
10770	1
596	4
1705	2
5169	1
82	19
2439	2
121	11
2478	1
1230	3
1123	1
26558	1
4972	1
10059	1
5136	1
49	17
4057	1
9144	1
5193	1
106	14
19335	1
14248	1
3609	1
6339	2
1252	2
37000	1
6478	1
1391	5
3748	1
8089	2
13176	1
11193	1
1019	3
6106	1
1392	3
1264	1
1103	1
8866	1
210	7
6838	2
1751	2
3463	2
1106	3
2354	2
10310	1
15397	1
136	12
2493	2
245	15
2229	3
7316	1
786	4
10339	1
165	9
2522	1
286	7
10460	1
1032	5
4895	1
16537	1
20386	1
5125	1
38	30
7482	1
2395	1
20368	1
20	43
12219	1
434	4
7220	1
2133	3
334	7
2295	1
77	19
174	8
1283	2
4340	1
6841	1
1754	3
1381	1
6468	1
4111	1
10819	1
645	3
16283	1
6109	1
1395	1
22608	1
15311	1
50	16
4764	1
14565	1
9478	1
500	8
262	7
7645	1
2558	1
12732	1
10867	1
36302	1
3860	2
1503	2
47	20
17665	1
2404	3
304	7
2661	1
6221	1
26569	1
1134	4
3491	1
25	33
9826	1
4739	1
891	2
2000	1
9763	1
10509	1
5422	1
335	6
669	3
11759	1
1778	2
391	6
83	15
1057	3
10953	1
779	1
8070	1
2983	2
5713	2
626	3
181	14
5268	1
554	3
832	3
61	25
275	2
491	6
1537	2
3894	1
3160	2
803	2
6083	2
996	2
7782	1
711	1
19	33
2384	4
27	30
166	12
85	19
2442	1
3412	1
11229	1
1055	3
112	14
7417	1
2330	1
698	5
325	6
5412	1
68	16
348	9
12506	1
2332	2
7419	1
2079	1
12253	1
33466	1
468	9
95	14
5182	1
54	20
14942	1
4768	1
872	6
680	6
7985	1
2898	3
541	6
5370	1
283	7
2163	2
540	4
15228	1
5054	1
2324	1
7411	1
340	3
9780	1
30128	1
185	5
5701	1
10788	1
614	3
100	12
1711	1
11885	1
641	3
50495	1
4712	1
276	8
2633	2
2494	2
137	14
5203	1
116	10
3443	1
16347	1
1086	3
14804	1
662	3
4424	1
6408	1
1321	1
11495	1
819	6
3176	1
9988	1
30336	1
5480	1
393	5
2377	1
7464	1
5201	1
114	13
2471	2
5174	1
15348	1
87	14
11370	1
1196	2
5198	2
10285	1
111	16
3289	2
5130	2
43	20
169	6
1819	2
1446	4
6533	1
710	3
7781	1
14852	1
1212	2
923	4
352	7
13660	1
1875	5
5302	2
215	11
2199	1
7286	1
6411	1
1324	2
5383	1
296	7
5010	1
23505	1
5303	1
216	10
1582	5
92039	1
473	4
2830	2
570	1
5657	1
10744	1
1316	1
4090	2
1733	1
1358	3
5336	1
249	9
8337	1
1266	1
22479	1
13742	1
1957	1
3761	1
6491	1
1404	2
6894	2
995	4
775	6
2993	1
636	3
1884	2
261	6
2618	2
7332	1
126	15
5693	1
606	3
5878	1
791	5
8235	1
3148	1
4118	1
1761	2
1900	4
697	3
3054	2
7063	1
1976	1
172	7
2529	3
867	1
1922	2
62	18
197	11
2415	1
15319	1
58	22
15402	1
141	12
4855	1
10056	1
211	11
1776	1
15414	1
153	7
2510	2
272	4
30794	1
5094	1
10181	1
7	81
9530	1
4443	1
1114	1
6201	1
6574	1
1487	1
3529	1
799	1
10973	1
5886	1
1311	4
5316	1
229	4
1879	2
10944	1
5857	1
770	7
63	18
15535	1
274	4
2631	2
1088	5
3471	2
5574	1
487	4
41183	1
4845	1
20106	1
1250	2
811	4
117	13
8598	1
4505	1
69	20
40738	1
5129	1
42	22
1151	3
700	3
10128	1
8144	1
3057	1
18433	1
7021	1
1934	2
39	29
4512	1
76	23
1456	2
3674	1
6404	1
1317	1
589	6
5676	1
1420	1
6507	1
853	4
5194	2
107	18
10281	1
583	4
11300	1
16387	1
728	5
816	4
1154	4
2263	3
6977	1
45	19
18890	1
3629	1
331	8
8094	1
3380	1
24593	1
5607	1
520	6
1359	1
6446	2
3796	1
13970	1
445	8
18845	1
3584	1
1227	5
31868	1
257	6
11477	1
21651	1
1303	1
20542	1
5281	1
194	8
2551	3
932	1
11106	1
4452	1
2095	1
25451	1
16	51
4530	1
94	15
2451	1
10729	1
555	6
735	1
5822	1
27099	1
1664	4
12	65
7317	1
2230	1
5153	1
66	21
6063	1
46759	1
976	4
22283	1
1935	1
11000	1
826	4
3183	1
5251	1
164	6
35773	1
418	6
1394	3
5372	1
285	3
7356	1
2990	2
633	3
11184	1
1010	2
3367	1
8023	1
260	9
785	4
1894	4
271	9
1046	4
3264	3
5994	1
907	6
20366	1
5105	2
18	39
58943	1
950	1
6037	1
1323	3
5579	1
492	3
595	4
1704	4
9407	1
4320	1
358	5
5072	2
757	3
61801	1
519	6
19432	1
4171	1
1460	4
1087	2
6174	2
11619	1
1445	4
12135	1
1961	1
13244	1
3070	2
713	2
852	2
2014	1
905	1
10336	1
162	10
2519	2
17	38
8	83
13954	1
3780	2
122541	1
453	6
3825	1
8912	1
1149	2
3506	1
40	27
4466	1
30	34
2194	1
5733	1
646	6
3003	2
224	5
1821	1
14781	1
4607	2
2250	1
16987	1
1726	1
11900	1
169597	1
1280	1
2555	2
897	2
1254	2
7450	1
2363	2
4720	1
5093	2
6	115
4067	2
3694	1
8781	1
8041	1
269	10
297	11
510	4
2867	1
1619	5
1631	2
522	6
1621	2
512	2
13975	1
3801	1
1444	4
7681	1
474	4
35701	1
92	17
118	13
125	7
306	4
5020	1
3963	1
2044	2
31457	1
11109	1
935	1
5424	1
337	6
5051	1
3664	1
1307	3
2704	1
10521	1
5434	1
347	3
486	8
7930	1
2843	1
14301	1
4127	1
1909	3
239	5
3566	3
5407	1
320	9
15436	1
175	14
7619	1
2532	1
14024	2
716	6
343	7
5430	2
3073	1
1001	5
3358	3
15889	1
628	5
5715	1
758	4
8790	1
15177	1
5003	1
289	5
1355	2
632	6
12552	1
1876	3
497	7
35976	1
5454	1
367	3
727	3
10901	2
1473	2
3138	1
781	4
292	4
4593	2
1617	3
86	14
2443	1
3413	1
6282	1
1195	2
6494	1
1407	1
6413	1
1326	1
217	9
2201	1
7288	1
4653	1
2296	1
2420	1
12594	1
809	5
1122	2
5100	1
15274	1
13	53
15407	1
146	11
324	3
5038	2
150	5
4586	2
1363	4
4354	1
3011	2
8098	2
3730	2
542	5
2899	1
4321	2
929	3
6016	2
1302	1
471	4
2828	1
51	15
2408	2
447	6
5139	1
52	24
3642	3
315	4
17512	1
2444	1
7531	1
460	3
2817	2
5964	1
877	2
3234	1
5140	1
53	11
2584	3
227	6
366	4
2350	1
7437	1
463	3
6659	1
1572	3
20022	1
6253	1
1166	2
1169	1
5147	1
60	17
4496	1
21250	1
902	6
2401	2
44	21
259	4
17738	1
2477	1
120	9
31	30
2388	2
1140	1
6254	1
1167	4
855	3
3212	1
192	5
12176	1
2002	3
37150	1
6628	1
4271	1
27627	1
2192	1
378	6
5465	2
10925	1
5838	1
751	1
4694	1
3585	2
7076	1
1989	3
880	4
372	6
639	2
5151	1
10238	1
64	18
1173	1
401	5
3728	1
1371	1
10422	1
248	6
63276	1
7319	1
55453	1
4583	1
1714	1
6801	1
10321	2
147	10
5656	1
569	3
10743	1
4470	1
1740	4
6827	1
2252	1
34	20
9462	1
60705	1
4748	1
1246	3
1059	1
6146	1
1147	2
3504	1
4474	1
2117	1
3365	1
11182	1
1008	2
5250	1
163	11
4786	1
10246	1
72	15
7516	1
2429	1
1334	4
225	13
990	4
10880	1
706	6
2731	1
12905	1
6090	1
1003	2
186	9
2543	4
3711	1
3338	1
8425	1
1493	1
2100	2
299	8
7370	1
840	2
5360	1
273	8
3600	1
5248	1
10335	1
161	12
2518	3
1329	2
23288	1
2940	1
13114	1
5307	1
220	14
1398	3
158	12
1095	2
6182	1
1785	1
6872	1
205	8
12736	1
2562	1
2485	2
128	8
3020	1
2647	1
7734	1
5625	1
538	2
282	8
31162	1
640	4
10827	1
653	3
3010	1
5165	1
78	17
1830	4
7066	1
1979	3
11116	1
942	2
835	3
5176	2
89	15
10263	1
54062	1
3192	1
1052	3
2995	1
130	12
71348	1
2151	2
22467	1
2119	4
1314	2
7102	1
2015	1
3729	1
1372	2
1540	1
5577	1
490	3
8787	1
11425	1
1251	1
231	6
4499	1
2142	3
6890	1
1803	1
5537	1
20798	1
450	3
5554	1
467	5
6233	1
8590	1
898	6
2557	1
12731	1
132	4
3461	1
6671	1
1584	2
6298	1
707	5
6431	1
26779	1
1344	1
20745	1
5484	2
397	4
2205	2
666	2
10301	1
5214	1
127	8
419	4
46	30
5133	1
90	17
4804	1
864	3
1411	2
9449	1
4362	1
30289	1
851	3
970	3
31492	1
380	5
1794	2
7215	2
2128	2
1476	1
5123	1
36	33
17281	1
7107	1
1144	3
16372	1
6198	2
11285	1
1111	3
1269	1
2850	1
493	2
3771	1
8858	1
1638	2
1430	3
454	6
1386	3
3743	1
2699	1
7786	1
715	3
14820	1
1916	1
17177	1
7749	1
5475	1
388	6
2745	2
5861	1
774	1
556	8
17532	1
134	9
2491	2
705	4
18216	1
2955	2
4858	2
144	13
2501	1
2784	1
427	6
7224	1
2137	2
797	2
2821	1
464	7
1764	2
1791	1
11965	2
180	7
424	4
9803	1
5462	1
375	2
2732	1
2742	1
5472	1
385	7
4891	1
177	5
2237	2
4594	2
765	2
11099	1
21273	1
925	3
3736	4
1379	2
4179	1
9266	2
7282	1
2195	2
1882	2
1725	3
6183	1
1096	4
982	3
3339	2
2966	2
8053	1
5232	2
145	6
4859	1
5322	1
235	5
875	5
1521	4
8592	1
430	5
2787	2
57	13
5144	1
1133	1
5286	1
199	7
4913	1
10560	2
5473	2
386	3
3781	1
818	1
6850	1
1763	2
3704	1
4348	1
1991	2
1826	1
8524	1
13611	1
1180	1
1769	4
19424	1
4163	1
1891	2
9147	1
4060	1
3687	1
8774	1
10941	1
767	2
16028	1
1886	1
1833	3
10015	2
587	3
20566	1
218	6
1138	3
16399	1
831	2
12243	1
17330	1
795	1
458	4
457	9
4262	2
1905	3
5501	2
414	3
9098	1
4011	2
4876	2
25224	1
3069	1
2803	1
15707	1
5533	1
446	5
379	5
5466	2
7949	1
2862	1
1637	1
11	68
2368	1
11760	1
1586	4
3943	1
11691	1
6604	1
824	4
5244	1
157	13
531	4
1543	1
20758	1
5497	2
410	4
191	6
167	18
3337	2
980	1
15605	1
344	8
1951	4
7038	1
14855	1
4681	1
3043	1
5773	1
686	3
1850	4
2272	2
6472	1
1385	3
425	3
65	22
14	49
2259	1
63303	1
574	2
3544	1
1237	1
6324	1
6697	1
1610	3
234	6
4948	1
12968	1
3533	1
1698	1
3834	2
1477	4
8370	2
1299	1
4238	1
2436	2
13616	1
3442	2
1467	3
2168	1
5900	1
813	3
22660	1
1429	1
807	5
884	3
6138	2
1051	2
1523	1
6783	1
1696	4
1345	3
1736	2
4093	1
3697	1
1039	3
1775	2
14118	1
1485	4
3842	1
739	4
10913	1
3469	1
8556	1
396	4
7840	1
2753	2
1092	3
1002	4
256	4
10430	1
11541	1
1367	3
1984	1
577	2
6186	1
1472	2
1457	2
11957	1
1783	2
12745	1
4054	1
383	8
5470	2
3008	1
870	2
376	5
2733	1
1530	1
1663	2
1290	2
6377	2
171	9
8571	1
3484	3
1645	1
6732	1
4539	1
2182	1
7243	1
2156	2
664	1
5751	1
21012	1
4117	2
28	27
2035	1
2055	2
5209	1
122	12
829	1
8273	1
3186	1
8541	1
1433	2
7289	1
2202	3
10476	1
302	4
7746	1
2659	2
2309	1
7124	1
2037	1
6378	1
1291	3
11465	1
6830	1
1743	1
1790	3
1194	4
1440	4
3684	1
1187	2
6274	1
4595	1
1492	1
11666	1
5502	1
415	8
6904	1
1817	2
6586	1
11673	1
1499	3
21847	1
634	3
4898	1
5271	1
184	7
20953	1
605	2
838	5
135	10
1325	1
526	4
971	5
1368	3
1618	2
11930	1
1756	2
1322	3
2560	1
17821	1
1301	3
1672	2
1249	2
3606	1
3047	1
7761	1
4115	1
9202	1
6272	1
1185	2
6045	1
958	2
1545	2
2916	1
5646	2
559	2
2706	3
21475	1
6214	1
1614	2
3971	2
1241	2
6328	1
402	4
1079	4
15588	1
327	7
1918	2
8294	1
3207	2
1415	4
5818	1
731	3
20535	1
5274	2
187	6
2544	2
15439	1
178	14
2535	1
8979	1
13494	1
3320	2
1004	2
843	4
10775	1
601	3
7090	1
2003	1
4360	1
14223	1
19310	1
4049	1
1692	1
11042	1
868	5
1353	2
6440	1
5354	1
267	4
1624	1
4164	2
360	4
6054	1
967	2
3324	1
3548	1
21539	1
1191	3
1177	1
5375	1
288	4
6224	1
1137	2
13406	1
3232	1
8319	1
15877	1
5703	1
616	1
6187	1
1100	4
131	9
635	2
2937	2
580	5
7397	1
2310	2
3666	1
3182	1
825	6
1054	5
2176	1
1744	1
5143	1
56	16
2413	2
729	4
624	3
355	4
2712	1
1471	3
2227	1
1268	2
888	5
70	16
5920	1
833	3
1156	3
777	5
15863	1
602	1
815	1
5902	1
90754	1
6275	1
1188	2
4222	1
5908	1
821	2
10995	1
1016	1
1483	3
866	9
11444	1
16531	1
1270	1
1090	2
16048	1
5874	1
787	2
962	1
6049	1
3692	1
428	11
11070	1
896	2
6679	1
1592	1
6306	2
3835	1
1478	2
1930	2
8583	1
13670	1
3496	2
5283	1
196	6
6249	1
1162	3
22375	1
11744	1
1570	3
1443	1
3800	1
4427	2
1102	2
4132	1
24480	1
910	2
5934	1
847	4
16108	1
1739	2
525	4
1635	2
16006	1
745	3
14504	2
4330	1
6620	1
6086	1
21347	1
999	2
8905	1
6921	1
1834	2
4191	1
2736	1
12910	1
9173	1
8339	2
13426	1
3252	1
733	3
7895	1
2808	2
451	6
13778	1
1993	1
4270	1
1913	2
1553	4
4186	1
1829	1
1858	1
330	5
15591	1
1937	2
726	4
25788	1
353	9
5440	1
7424	1
2337	2
12511	2
1630	1
3614	2
8701	1
5995	1
908	3
5493	2
406	5
1298	2
6385	2
19350	1
15755	1
10668	1
494	4
9922	2
8567	1
3480	2
5770	1
683	2
4139	1
590	2
5677	1
10764	2
1676	2
1933	1
796	3
911	4
3268	1
432	5
5697	1
610	8
112524	1
4528	1
24876	1
560	1
15821	2
5647	1
10734	3
1107	3
1342	3
8625	1
502	4
1644	1
1575	3
6662	1
2050	1
5778	1
691	4
926	2
5640	1
452	7
2566	1
5296	1
209	5
4923	4
1182	1
4364	1
2726	2
1980	1
12154	1
2906	2
5128	1
41	22
71259	1
549	4
747	2
575	3
19431	1
1953	2
16517	1
1256	2
1175	1
588	5
480	6
6646	1
23468	1
1552	1
702	1
3059	1
11577	2
1403	1
1684	1
400	7
84	14
10258	1
1597	3
1486	2
25056	1
399	4
5486	1
772	4
649	4
10077	1
79	15
15340	1
842	1
11564	1
1390	1
1413	1
550	3
7369	1
2282	1
1579	2
2297	2
3872	1
2051	2
10481	1
5394	1
307	4
3112	2
6654	1
1567	1
27002	1
21857	1
1509	3
3866	1
6492	1
1405	2
3762	1
1155	2
6242	1
1143	2
8195	1
4285	1
1816	4
2080	2
18141	1
2880	1
523	3
2303	1
17216	1
1955	2
4484	1
2818	1
88	15
5175	1
22535	1
2187	1
6901	2
11223	1
1049	6
6136	1
1762	3
2872	2
780	4
16041	1
1899	1
1426	2
11600	1
1245	3
812	4
10986	1
2739	1
25817	1
10556	1
382	4
22196	1
1848	3
17109	1
27283	1
11834	1
6747	1
7312	1
2225	1
6778	1
1691	2
4048	2
1190	2
2975	1
33124	1
2602	1
7689	1
5705	1
618	4
2017	2
4128	1
1771	1
1874	1
5879	1
792	1
3478	1
1121	3
4282	1
1650	2
1562	1
2800	1
18061	1
417	4
16212	1
6038	1
951	4
354	6
1463	2
1362	2
1701	3
547	2
9975	1
2291	2
4648	1
3514	1
16418	1
1157	2
6536	1
11043	1
869	2
5242	1
155	7
433	6
681	2
3595	1
34117	1
5310	1
223	8
5449	2
10536	1
362	5
119	13
5257	1
170	6
7614	1
2527	1
591	3
436	5
2793	2
668	2
1364	1
1956	1
20796	1
448	4
75	19
5162	1
313	5
59521	1
3564	1
8744	1
3657	2
3792	2
44488	1
844	5
293	4
1352	1
6523	1
1436	3
2220	1
2141	4
1333	1
1338	2
6163	1
1076	4
1014	2
429	2
312	7
2669	2
613	7
1308	1
5949	2
862	3
10663	1
489	3
5576	1
3219	1
6052	1
965	5
1742	1
6829	1
1041	2
2023	2
1516	1
11690	1
9333	1
1673	4
57630	1
6636	1
1549	1
56894	1
937	2
154	4
1234	3
73830	1
9015	1
19189	1
3928	1
10569	1
395	5
22	36
5109	2
4894	1
9981	1
1282	3
1021	2
5357	1
270	5
361	5
1945	1
7032	1
439	8
182	7
4896	3
113	7
5293	1
206	9
1629	3
1094	1
18185	1
2924	1
567	1
287	7
5374	1
2178	1
16838	1
21925	1
1577	1
1267	1
449	6
19014	1
3753	1
11570	1
1396	2
740	5
5827	1
6519	1
3458	2
11174	1
6087	1
1000	2
7750	1
5766	1
679	2
2741	2
384	7
805	4
1587	2
3955	1
479	2
15740	1
228	6
1315	3
6402	1
1686	2
1296	1
6270	1
6081	1
994	2
5887	1
800	3
743	2
4250	2
9375	1
17343	1
2082	1
17350	1
2089	2
4146	1
8860	1
1941	2
1305	2
31827	1
4342	2
8504	2
3417	1
16792	1
1531	1
1887	1
3012	3
4556	1
1409	2
1462	1
6644	1
1557	2
1400	1
2604	1
7691	1
620	3
993	1
6080	2
9128	1
21718	1
1370	2
3354	2
8441	1
692	2
3667	1
1029	2
1217	1
4640	1
784	5
3877	1
1515	1
11689	1
323	11
10497	1
93873	1
1780	1
6867	1
212	12
5299	1
6323	2
1236	5
3593	1
5415	1
328	3
16209	1
948	2
1318	1
6287	1
1200	1
6960	1
1873	1
11674	1
6587	1
411	6
5841	1
754	4
887	4
18532	1
3271	1
3847	2
2144	2
3167	1
1674	2
1832	2
725	1
6311	1
1224	1
600	3
5885	1
798	1
3966	1
9053	1
4024	3
221	7
9267	1
1670	5
6757	1
10782	1
608	2
5695	1
10376	1
35811	1
202	6
75676	1
4458	1
201	3
1012	3
482	1
627	4
3783	2
24131	1
8870	1
1799	3
3277	1
18538	1
14803	1
2206	2
1508	2
6284	1
11371	1
4698	1
5681	1
594	1
2064	1
3240	1
12248	1
2074	1
2136	3
58427	1
22818	1
1357	2
11531	1
488	3
18848	1
4487	2
13425	1
1225	1
4068	2
6376	1
1289	2
4655	2
2596	1
12770	1
3113	1
13287	1
8731	1
4462	1
29897	1
1965	1
1538	2
1820	2
6907	1
1849	2
198	13
5285	1
1192	3
6896	1
1809	1
2288	1
4008	1
2150	1
15860	1
5686	1
599	3
2832	2
6464	1
1377	2
2249	1
3343	2
3430	1
7158	1
2071	3
6512	1
1425	2
193	6
5280	1
15827	1
566	2
7767	1
2212	1
5294	1
207	7
6876	1
57746	1
3853	2
14027	1
507	3
2921	1
564	4
15794	1
533	3
2299	2
1898	3
501	8
5588	1
1608	1
14408	1
4234	1
6438	1
1351	3
7300	1
2213	1
517	3
4078	1
5671	1
584	2
1920	2
7007	1
1971	3
885	2
2108	3
5409	1
322	5
737	5
1031	1
1240	2
12046	1
17133	1
1872	2
998	4
1105	1
5821	1
734	6
1036	2
718	2
5876	1
789	2
4075	1
2856	1
10086	1
648	3
15909	1
24099	1
8838	1
1599	3
4434	1
1648	3
2204	1
1232	5
1078	1
5926	1
839	2
1550	2
5831	1
10918	1
744	3
13392	1
3218	2
1414	4
2063	1
3216	1
859	2
1145	1
11319	1
6232	2
6566	1
1479	1
2352	2
4435	1
3643	1
623	5
10797	1
8632	1
16162	1
5988	1
901	1
3925	1
2359	2
508	5
16844	1
1583	1
3996	1
9083	1
3106	1
3089	1
1546	1
32068	1
6064	1
977	2
3093	1
349	4
5436	1
1665	2
8058	1
17180	2
1919	1
2235	1
988	2
509	4
6051	1
964	4
1529	1
10590	1
416	6
