1221997	1
122624	1
218834	1
9803	1
11548	1
6216	1
12343	1
12411	1
8121	1
6961	1
20448	1
12625	1
10959	1
199960	1
324880	1
467963	1
8290	1
8020	1
6820	1
1802778	1
15642	1
8027	1
10250	1
57050	1
55351	1
33691	1
12079	1
16870	1
15554	1
9186	1
19501	1
18483	1
16373	1
7911	1
56622	1
1616028	1
4936548	2
578495	1
4887321	1
12084	1
7983	1
9601	1
9839	1
11134	1
10054	1
6485	1
9359	1
7747	1
8923	1
8258	1
8970	1
13059	1
8459	1
8981	1
10360	1
15250	1
8891	1
5784	1
10766	1
30814	1
117217	1
18374	1
18389	1
9919	1
12365	1
12417	1
13823	1
13971	1
8872	1
13528	1
13390	1
15790	1
15610	1
19944	1
20070	1
6612	1
841219	1
15164	1
15694	1
16995	1
7718	1
7273	2
8467	1
8092	1
10735	1
12267	1
11017	1
11430	1
9056	1
12180	1
10060	1
8069	1
7992	1
9960	1
9607	1
7124	1
11979	1
15643	1
15655	1
53292	1
101002	1
13030	1
13367	1
8618	1
163382	1
12195	1
7980	1
20263	1
11908	1
17890	1
102874	1
7801	1
3462026	1
18060	1
17794	1
513102	1
9881	1
8249	1
10358	1
9294	1
16046	1
15321	1
11677	1
13041	1
11933	1
14286	1
12772	1
8604	1
7853	1
10175	1
13406	1
6223	1
5680	1
9500	1
13388	1
10850	1
7293	1
6708	1
8953	1
7784	1
10656	1
33716	1
30245	1
10943	1
13177	1
82700	1
6517	1
16573	1
201991	1
14051	1
6514	1
11925	1
13202	1
7563	1
8930	1
9033	1
37531	1
8851	1
17547	1
13232	1
10181	1
7931	1
8267	1
10015	1
16437	1
6305	1
8717	1
7707	1
7663	2
9677	1
7953	1
11959	1
9993	1
7521	1
12035	1
6765	1
7410	1
10519	1
6319	1
13453	1
6566	1
10678	1
19232	1
8798	1
9793	1
10870	1
7013	1
11057	1
17192	1
11453	1
14484	1
9219	1
16917	1
6356	1
8572	1
6156	1
7865	1
12785	1
12868	1
19392	1
11757	1
12322	1
9608	1
12867	1
9420	1
9185	1
12293	1
8987	1
7780	2
12258	1
12934	1
10043	1
5332	4
8299	1
9309	1
8231	1
14112	1
117968	1
8704	2
9985	1
12601	1
6075	1
16235	1
6188	1
9916	1
15183	1
7044	1
13982	1
15536	1
15521	1
9340	1
8212	1
9999	1
5926	1
6972	1
7257	1
7369	1
8515	2
11349	1
9042	1
9444	1
9016	1
7699	1
6792	1
11504	1
7874	1
7312	1
7653	1
6867	1
30407	1
7337	1
7574	1
6508	1
6270	2
6839	2
13252	1
9792	2
18809	1
8844	1
16462	1
16487	1
13026	1
9935	1
11479	1
9029	1
7147	1
8609	1
16661	1
15528	1
10979	1
13028	1
11303	1
7531	1
8266	1
20034	1
17404	1
14776	1
12176	1
8490	1
6389	1
7783	2
7058	1
12506	1
10466	1
13992	1
13535	1
321626	1
16810	1
6244	1
6496	1
12919	1
82019	1
10777	1
10765	1
12117	2
11552	1
8522	1
80938	1
113576	1
7675	1
10935	1
7391	1
10116	2
8149	1
5643	2
15491	1
5583	1
7803	2
11491	1
11931	1
10893	1
11012	1
11085	1
17969	1
6842	1
10924	1
9989	1
7258	1
10302	1
7321	1
14359	1
6464	2
8687	1
8357	1
18322	1
16789	1
17608	1
10477	2
18307	1
13266	1
10154	1
11226	1
13214	1
6195	2
6729	1
8622	1
100037	1
99153	1
99717	1
141782	1
8662	1
40250	1
11432	1
7679	1
6932	1
39215	1
10382	1
10862	1
14718	1
10592	1
8171	1
9562	1
7204	1
6246	1
18454	1
14447	1
9474	1
8264	1
802055	1
8093	1
17086	1
28363342	1
27636580	1
20297	1
6196	1
20127	1
20727	1
14132	1
6864	2
6679	3
16478	1
10200	1
6863	2
10967	1
5220	2
7247	1
7610	1
6872	1
9693	1
9368	1
79031	1
14097	1
9685	1
7967	2
9869	1
10557	1
16149	1
10587	1
8628	1
11678	1
7355	1
5637	2
7446	1
7232	2
7229	1
8439	2
7648	1
13915	1
8194	1
9787	1
16274	1
12194	1
6869	2
204243	1
701590	1
8034	1
8195	1
7875	1
6636	2
8265	2
9191	1
9306	1
6536	2
11237	1
8120	2
14522	2
4473	7
3509	36
4449	16
4470	10
9131	2
3782	21
4063	26
14336	1
3383	33
3484	49
3495	34
4021	28
14294	1
3921	26
3928	20
2796	64
3327	44
3063	68
3823	31
3683	29
13956	1
4142	16
4765	13
4223	18
14496	1
4511	15
4447	14
14720	1
3662	33
13935	1
3215	39
3962	25
4462	20
4155	16
3100	66
4614	16
14887	2
4252	17
9816	1
4353	25
3568	34
3169	51
3647	37
4740	10
4976	7
4753	10
508130	1
4560	15
2767	79
3891	19
4708	7
4225	25
2555184	1
2565	98
4054	17
4543	15
3627	30
4836	10
200023	1
8390	2
4185	15
4260	19
4045	16
14751	2
4478	21
4962	8
4764	11
4613	13
3779	21
14052	1
3499	37
3638	32
4276	13
4350	11
2871	64
3626	26
4608	7
9174	2
4154	22
3459	39
3033	63
4481	15
4802	7
4984	10
3326	51
4841	7
4474	10
3853	19
3536	32
4832	12
3753	21
3352	40
3884	22
3685	27
3541	45
4561	10
4181	19
4576	18
3801	21
14074	2
3312	31
3433	39
3458	36
4268	16
4303	25
3661	32
4297	19
3022	64
4299	9
3982	25
4163	16
3505	33
4590	17
5019	9
4755	10
3809	30
4492	11
8552	2
2933	64
4086	17
3247	41
4570	16
4270	14
4346	25
3885	23
4141	16
4483	14
14756	1
3909	24
8634	2
18812	1
8539	1
4355	13
4419	14
9832	2
4108	18
3911	22
9071	1
3825	29
4416	14
4944	12
4097	18
4231	14
3737	36
4625	14
4689113	1
4446	13
3910	20
3150	51
4311	16
3436	32
4200	15
4053	25
3707	35
13980	1
34526	1
4010	25
4238	23
4892	12
252413	1
3377	38
4261	29
3847	18
4730	13
4368	16
3323	48
54688	1
3908	34
4775	10
4106	19
4883	11
2992	62
3862	34
2962	60
5077	10
4621	9
3593	36
13866	1
8705	1
3618	34
9243	1
5057	4
9941	1
4254	13
3702	24
4049	25
3690	25
4941	14
3775	25
14048	1
3955	20
3318	42
4040607	1
4639	7
3589	46
198776	1
4604	28
3925	24
4653	10
14926	1
3335	40
5066	7
15339	1
4628	13
3751	29
3271	39
5061	7
9006	1
8671	2
3408	42
3935	24
3877	21
3347	41
4418	9
3103	56
2802	71
4521	14
55886	1
5078	12
2864	93
3949	23
3263	41
4691	8
3349	50
5053	13
3068	48
3306	46
4926	7
4082	21
4195	26
4985	9
4149	17
8511	2
18784	1
3931	29
4032	23
24757	1
4004	28
5049	18
4582	16
2765	81
4153	21
3784	20
3549	42
2745	85
3123	47
13396	3
3901	18
14174	1
3717	36
13990	1
4675	12
4389	20
4772	9
3959	29
3391	35
2733	92
3839	22
4307	15
4631	12
3836	24
3767	28
2945	87
2963	64
3855	25
3742	22
107027	1
3262	47
169365	1
3341	44
4398	17
4884	12
3527	23
4283	16
4310	19
3366	31
3596	31
3659	26
4210	18
3099	44
4579	13
14852	1
3381	35
3104	56
198291	1
4037	15
4870	9
3107	49
2396716	1
4247	14
14520	1
2952	72
95409	1
4390	20
14663	1
3372	35
2905	79
4235	14
4573	13
3514	30
14817	1
4544	17
4643	10
3172	58
3483	37
13756	1
4739	7
4803	9
15076	1
8100	1
3013	72
3331	54
4361	17
14634	1
4318	24
3926	28
14100	1
3827	22
3075	55
4282	12
4858	8
220591	1
8925	1
163020	1
4507	18
4073	21
3970	17
2616	115
2844	87
5024	12
2642	100
3166	40
3577	30
34665	1
3434	43
4719	21
4876	14
15149	1
4212	17
4304	19
56352	1
3705	27
4115	22
4519	14
4281	16
4089	28
1257395	2
4933	16
4158	26
9245	1
4372	10
4898	11
3628	22
3649	34
3871	19
3842	27
3624	23
3619	42
13892	1
3689	29
4540	11
3336	38
45369	1
3863	24
4877	6
4036	20
4430	26
2816	80
4305	18
5003	8
5029	11
4495	13
3912	26
2598	95
4734	14
3451	33
4506	14
3883	14
3648	34
13921	2
3975	23
3141	64
3463	39
3793	28
3125	53
4325	14
3780	34
3745	23
3140	51
4296	24
4513	16
4124	17
4120	17
2983290	1
4174	23
2865	60
4309	15
65984	1
3725	24
4340	17
14613	1
3026	63
4774	9
4132	21
4245	21
2985	72
13258	1
4673	12
3769	26
4833	10
3077	58
4134	29
4967	5
15240	1
3687	38
2994	67
3953	22
4025	11
3230	46
2800	68
4387	12
3932	22
4093	20
117096	1
3407	43
13680	1
5041	7
4620	19
3639	41
4508	10
4329	18
4100	24
14373	1
3735	27
4370	12
2969	69
3298	45
75209	1
4209	12
3475	30
13748	1
3473	35
4308	15
2337	129
4428	16
2998	64
13271	1
4686	9
2875	82
3983	22
24773	1
4020	17
3866	30
9364	3
4277	19
3110	50
3748	32
4098	25
4258	14
2692	87
2610	108
3373	55
2695	101
4823	15
5071	6
4322	17
3973	25
3507	33
4529	12
4757	11
3274	49
3461	44
4484	12
117487	1
4584	15
4394	13
3522	39
4744	10
15017	1
4347	14
9404	1
4356	16
4323	15
3233	59
3896	22
3960	19
199147	1
4622	12
3987	27
44669	1
3163	38
4600	12
3202	38
8289	2
4813	12
24045	1
3292	47
4342	15
8833	5
4298	13
3492	32
4996	9
3918	22
4424	12
4306	19
14579	2
4336	14
9423	2
4818	11
3774	25
4166	21
14439	1
3599	28
3309	40
8396	1
3219	48
2828	65
4157	22
4422	10
3171	37
4024	24
3466	42
4705	12
2887	78
4896	11
4269	19
14542	1
3544	29
3146	65
3768	26
4332	21
3470	44
4401	12
3867	22
2929	55
4135	17
4207	20
14480	1
2928	69
3442	51
3477	33
3697	28
3490	37
24243	1
4302	18
108838	1
5073	8
3936	22
137485	1
3501	40
3127	48
3437	55
3874	25
8507	3
3420	37
4220	20
3051	55
3643	38
3291	57
4846	9
4017	18
2907	76
3787	16
3607	35
13880	1
4988	10
200175	1
2379	115
3995	16
14268	1
3101	56
9081	2
3994	17
3679	35
13952	1
2078	230
2922	69
4164	26
7945	1
2858	67
3512	41
14031	2
3758	30
8944	1
3857	26
3342	48
2622	104
3289	44
3409	38
7417	1
2330	141
3392	40
3640	38
4830	16
15103	1
3820	30
4707	12
4454	14
507831	1
2908	73
2777	87
3339	42
4879	12
3837	33
4312	16
4360	16
5008	13
2568	98
4849	13
4550	17
4612	18
3923	31
3338	44
3824	25
3299	53
4697	11
4596	7
3621	39
4061	28
4592	16
4950	7
3316	39
3109	49
23862	1
4126	23
2924	61
3371	45
2685	89
4292	13
14565	1
2711	81
12984	1
3752	23
2972	69
4019	27
4051	20
4690	10
4658	3
14931	1
4395	11
3308	45
3691	28
1909	264
4385	16
2896	80
3205	65
13478	1
3232	51
8783	2
3749	25
8668	1
3581	36
3046	55
3634	32
3898	18
3986	21
14259	1
2793	67
3236	41
3545	30
3800	29
3870	23
3193	51
3285	45
4567	6
3054	52
4007	21
4654	11
3580	35
3255	50
2841	67
2758	96
3006	67
2980	68
3518	39
3699	37
2329	156
4426	19
2626	95
300543	1
3227	45
3147	58
2319	166
4960	10
4971	9
5727032	1
15244	1
4666	11
37520	1
6701	5
1911	249
4776	9
4968	5
3964	27
4151	19
3401	35
3258	34
2621	96
7759	1
2672	103
3069	51
389546	1
2934	62
33960	1
13207	1
3790	36
14063	1
4532	19
3361	42
3363	37
4241	16
3770	23
2605	94
2151	183
3432	44
4172	21
4224	16
4840	6
4928	14
4853	8
3840	21
4406	15
3560	40
3464	35
3709	38
3941	14
5047	5
3062	67
3400	35
13673	1
4373	17
4490	14
3441	43
8222	1
23888	1
3135	56
3907	28
3278	47
177919	1
3654	35
4623	15
3367	30
13640	1
5076	7
3783	26
4494	16
3500	31
8199	1
3112	53
4583	11
3000	68
4042	23
3031	66
3924	24
14197	1
3159	34
2946	80
13219	1
3803	20
3605	34
4525	15
2705	113
2582	105
4467	10
9190	2
3467	35
20096	1
9823	1
24896	1
4143	19
34962	1
39752	1
8933	3
2451	139
2737	95
3106	58
4547	12
263984	1
7159	1
4531	16
4714	11
2833	75
13106	1
3930	15
2761	70
3943	21
3435	31
3386	40
4246	17
2742	83
4807	9
4081	28
4274	15
14547	1
4072	23
3550	39
3976	22
2265	149
4194	21
14467	1
5028	11
3680	33
3256	58
3629	25
3540	41
3755	18
2989	68
2615	88
1904	257
4782	8
2505	92
2625	101
3806	28
3181	56
3963	26
3174	58
2485	107
4152	18
2561	87
2310	156
3856	31
3714	26
7638	2
2551	115
4099	22
4907	10
9303	1
4216	20
3389	33
4128	14
7242	6
2155	174
2273	141
60667	1
9302	2
299756	1
4710	7
4558	14
2466	135
2999	65
2689	96
3917	24
4890	17
3635	41
4077	26
3284	59
3190	59
4821	7
3078	69
2588	105
3102	49
4376	13
3152	68
4173	19
2965	70
3394	41
3642	31
4477	17
3385	38
4441	11
2867	72
3261	50
3761	25
2101	191
2345	165
7812	3
18085	1
2725	99
3198	50
3412	41
3491	37
8035	1
2948	67
3319	52
34138	1
3427	44
4199	13
2084	195
3053	59
3904	23
20152	1
2819	89
2595	103
4068	18
3819	25
14092	1
3197	52
2413	121
4420	15
3828	34
2728	88
3557	34
3287	40
85135	1
2123	182
2900	71
3265	57
3913	29
3796	32
4559	7
23340	1
2587	113
3260	49
116263	1
4267	17
2722	85
2707	81
3294	45
4721	9
10133	1
5046	10
4186	17
2519	97
3957209	1
2104	218
4610	13
2789	84
2888	76
3145	51
2958	60
2384	139
8701	2
3614	41
3688	30
2633	109
4580	18
3425	50
23694	1
2941	66
3663	30
8750	1
3235	46
3212	43
9371	2
40190	1
4284	22
3646	28
2976	71
3374	35
2718	80
3080	56
3422	35
3014	63
7578	4
3351	55
4079	21
3529	31
4191	18
2826	68
3025	55
3085	49
17835	1
7562	2
2574	103
4482	17
14755	1
3594	36
3325	39
2751	94
2457	113
3682	30
4689	11
3186	42
3017	55
13290	1
7285	2
2198	175
25146	1
4393	20
3795	24
3360	47
4545	13
2732	103
2455	133
4038	24
2377	142
2060	198
4193	15
4333	14
2399	125
3575	32
13848	1
2259	147
3664	38
3882	29
3829	28
240108	1
2866	80
4453	13
4461	12
4056	15
24809	1
4263	12
4794	8
4334	23
3860	28
3991	30
2167	181
7254	3
2837	76
4414	10
2580	115
2646	82
2311	142
4863	13
3290	41
3059	78
3762	31
3179	42
1991	247
2727	95
2533	109
12806	1
3698	36
4249	14
4091	20
2730	87
3182	48
13455	2
7203	5
17476	1
2116	185
2817	78
13090	1
2731	108
3830	27
8367	1
3280	39
3206	58
4112	21
3889	22
14162	1
3126	53
4144	20
3771	28
2854	71
2617	90
2855	65
13128	1
4008	24
1705	375
3036	63
4159	22
3167	52
4150	18
3184	53
3587	27
13860	1
2489	98
3249	51
4912	7
2755	75
4388	14
179029	1
3985	25
3713	28
2682	99
74593	1
3170	42
2910	64
2753	93
2797	75
2460	112
12733	1
3950	21
2212	176
3513	35
3050	52
2893	75
3666	26
3380	39
4145	19
3478	34
4497	19
4436	17
4052	17
2949	68
13222	1
4002	13
2096	183
3888	22
7372	2
2285	152
2759	89
13032	1
4170	13
14443	1
3553	32
3208	45
3608	24
2991	58
4030	21
2652	115
3024	55
13297	1
8062	1
2975	67
13248	1
14828	1
2407	142
2775	92
3387	30
2431	120
13979	1
3706	31
3805	27
14078	1
3139	65
13677	1
3404	44
3503	36
10000	13
51092	1
14622	1
4349	23
3564	39
3721	22
13895	1
3622	26
2594	111
101282	1
3224	52
6497707	2
2018	229
12291	2
3092	56
2839	77
2988	66
3651	29
7072	4
1985	222
3001	73
2585	114
2350	134
2255	173
6990	3
1903	258
371731	1
4504	11
2857	75
3047	62
3620	31
8230	1
3143	62
3379	26
8099	3
3012	60
2824	66
4285	21
14558	2
2248	172
2838	90
2790	78
3027	65
2258	166
12531	1
3362	46
2645	104
2520	117
1873	274
12146	1
2351	175
5011	6
2892	68
3606	27
13879	1
2506	122
2771	101
4922	11
13870	1
4111	12
5347905	1
14384	1
2967	62
8054	2
3821	13
5030	4
3011	47
3337	37
13610	1
3281	53
2876	72
4011	20
14284	2
4694	15
4313	23
2430	129
33456	1
12703	1
4031	19
3305	51
2396	133
12669	1
2909	71
2543	110
3460	38
3365	29
4187	13
2749	96
3196	45
4855	9
3095	55
3168	54
25480208	1
4165	19
4279	15
2417	142
2884	78
2869	54
13142	1
4524	12
4317	7
25070	1
3879	29
3672	21
24425	1
3757	34
157852	1
14030	1
4866	7
3452	33
2548	92
4009	27
4075	13
3794	23
4860	5
4066	12
4180	19
3730	29
3521	41
3344	44
3071	62
3032	55
2207	172
2608	110
12881	1
2813	77
2981	60
13254	1
3439	34
13712	1
4646	12
9441	1
4354	10
12764	1
199541	1
3947	24
2930	72
2119	177
2386	170
3376	43
3154	46
5052	13
3118	46
25128	1
4375	17
3253	53
3250	44
4217	23
3636	36
2710	98
4367	17
8899	1
3812	26
9293	1
19566	1
4206	22
3188	71
13461	1
7752	3
2665	97
4183	18
3538	43
4192	20
3572	35
2786	65
2169	162
2525	99
1921	258
2650	99
2653	90
3937	26
14210	1
4039	21
14312	1
3743	36
2957	74
7083	4
1996	239
3183	52
3345	42
3364	51
2470	129
12743	1
3559	36
5064	9
3348	34
8252	2
3165	57
2153	171
3571	32
4059	25
2223	182
2421	105
3368	47
7618	2
2531	109
2545	112
2843	74
23336	1
2583	103
12856	2
3369	28
2703	99
2097	208
2173	150
1916	237
2662	90
2260	144
2517	111
3449	44
6934	2
1847	310
2389	128
9365	2
3641	32
4952	8
4518	21
9605	1
9965	1
4878	19
2494	110
7861	3
2774	70
2668	86
4018	14
5042	12
1915	255
3162	46
2009	208
3056	55
3915	24
24430	1
3677	36
2899	74
3121	56
13394	1
2655	104
3813	25
14086	1
2801	93
3008	68
2836	68
4585	9
2677	96
4829	11
2913	70
3195	40
3430	33
4427	13
9226	1
4139	17
486970	1
3248	54
13521	1
2818	79
13091	3
2744	85
2562	105
2527	115
8287	2
23953	1
3200	45
4138	9
4591	15
3216	54
3160	49
7376	2
2289	145
4949	9
2919	73
2168	168
4213	16
9313	2
4763	19
3403	41
2306	164
3426	41
2664	108
4058	17
4046	21
3207	41
3028	65
2501	131
4131	16
2717	89
3887	23
3523	33
2860	75
7947	2
2853	84
24315	1
3562	38
1722	349
4597	15
3785	28
3334	42
2428	130
3468	37
2575	107
2879	74
2370	143
8810	1
3723	32
3894	21
17810	1
7537	2
2549	117
4182	14
4236	16
64957	1
2698	84
2382	130
10585	1
218115	1
3130	45
2708	94
3443	42
3259	57
3684	29
2927	70
33746	1
2795	74
13068	1
3067	57
4035	25
2572	97
4874	9
3199	53
2848	91
2850	74
4936	5
3778	26
2953	61
2680	102
4452	8
3675	33
13948	1
3131	61
3128	52
13401	1
2660	84
3668	39
3558	34
2877	70
13150	1
3729	32
14002	1
3350	40
95807	1
2465	108
2878	68
4348	18
3555	38
3370	47
3086	48
54451	1
3030	67
4761	8
24053	1
3300	36
13573	2
3811	31
2432	135
2560	121
4438	9
3357	42
2609	100
2156	193
2713	96
6847	5
1760	354
2076	210
4275	13
3670	27
3346	57
2213	173
3808	30
2674	86
2939	68
3044	59
2974	86
4162	25
4553	15
14826	1
2357	152
2133	197
3359	49
4211	14
3116	58
4114	23
2787	80
13060	1
3382	45
2201	175
2938	54
3864	21
2968	53
2071	224
3537	35
3302	35
34121	1
3189	50
2982	63
23735	1
4946	15
4498	10
2883	68
7970	1
2636	92
8841	2
3754	19
3340	44
44846	1
7099	1
2012	202
2008	219
12281	3
3658	40
3826	25
2935	70
4698	9
2369	133
3005	56
2993	58
2558	98
3043	73
3526	34
3815	33
4671	17
8482	3
4161	26
2671	92
2371	134
4202	23
2361	127
12634	1
2352	119
3252	42
4609	14
3519	37
116522	1
13792	1
2559	120
1679	380
2691	96
3228	54
3094	61
2592	111
3229	56
3600	38
2363	124
5065	9
4405	13
4472	14
3524	30
7834	1
2747	78
3355	35
3129	54
2252	162
4425	16
2532	96
3375	56
2683	95
3191	59
2822	78
1899	262
2452	129
12725	1
2053	229
3567	35
2620	104
6083365	1
2736	93
3093	64
2197	188
382298	1
2971	60
3390	46
2614	76
4078	26
3081	62
3656	35
729229	1
2874	70
1839	271
105604	1
3817	20
1820	308
4177	15
34996	1
1706	369
4060	20
3890	34
3724	29
2266	151
12539	1
7976	1
3087	60
2477	127
2763	92
2654	99
12927	2
2373	131
3242	48
4179	21
2806	80
13079	1
4118	14
14391	1
3667	33
8128	3
3041	73
2362	150
3565	40
3738	23
1937	236
2492	113
3457	29
3438	39
3450	37
13723	1
2716	77
3064	51
2102	189
2280	176
3832	22
2591	110
2498	133
4176	22
2187	181
12460	1
2318	123
2863	82
2868	68
8556	1
3469	28
3576	39
3220	59
3283	42
2808	92
13081	1
2267	178
4781	8
497885	1
8318	2
3231	45
2484	103
2193	170
12466	1
1961	236
2061	206
197248	1
3548	32
6501	5
1414	549
4286	24
4300	20
8807	1
3720	25
3048	61
3417	38
3474	39
2901	78
13174	1
3797	42
3592	29
8471	2
3384	53
13657	1
1467	520
2704	87
3178	44
6613	5
1526	485
11799	1
2316	140
12589	1
3429	37
1721	350
1927	255
12200	1
4703	16
3681	33
13954	1
3510	44
2298	152
3180	46
2263	154
106111	1
2346	152
11715	1
3097	58
2450	118
3286	40
3686	26
2256	157
1960	244
2624	111
12690	1
33443	1
8593	2
3506	33
2497	131
2600	99
3070	48
2069	204
12342	1
7583	2
2496	114
12769	1
7644	2
2557	101
12830	1
3311	38
34130	1
3858	27
24413	1
3660	38
2794	98
13067	1
3610	25
13883	1
3035	54
2095	222
2393	131
2720	82
7807	2
2195	174
12468	1
1720	361
3534	35
2880	70
13153	1
2507	130
2536	122
4468	14
2670	75
3531	32
1746	291
2931	79
1506	467
7231	3
2144	165
3814	29
2778	103
33597	1
13051	1
3418	41
4728	11
2284	156
7628	4
2541	104
2409	161
2250	173
12523	1
4102	18
4437	15
2590	91
2271	135
3239	43
3446	35
2446	150
12719	1
3546	28
2666	107
1912	285
2245	170
3066	65
2100	226
2051	220
2696	88
2416	137
3485	34
17022	1
1761	325
2307	132
18084	1
7811	1
2823	71
1683	340
24023	1
3270	57
2270	195
12543	1
43623	1
2117	190
12390	1
7205	4
2118	233
22554	1
1801	302
4568	19
1819	294
2348	146
1868	277
12141	1
1945	244
12218	2
1817	285
6996	3
3234	36
2513	117
1477	527
6817	4
1730	356
2700	92
12973	1
24151	2
3398	36
13671	2
4369	18
3734	35
2376	155
2897	80
4839	10
2109	200
2810	95
2754	84
7077	1
1990	224
1484	505
3613	40
7395	4
2308	153
2209	205
2726	79
12999	1
5067	5
45598	1
4092	14
1859	283
2809	77
2746	92
2571	98
25490	1
4737	12
3980	17
2830	76
2035	226
2847	82
3314	37
2546	111
3204	43
7629	4
2542	106
2454	110
3073	61
2647	80
2149	162
4357	13
3653	28
3037	49
13310	1
3397	42
2436	101
2954	57
3040	53
3448	56
3029	55
2651	95
8251	2
3164	63
542448	1
2870	82
2966	63
3161	62
3114	61
2566	103
3333	35
2990	74
2397	123
1701	348
2449	116
1823	302
12096	1
3456	47
2291	155
7453	1
2366	140
3476	37
4758	12
2340	158
4000	16
3895	36
1970	253
1232	780
11505	2
1782	303
3535	36
2879975	1
7885	1
2798	72
3268	50
2015	222
1744	345
1627	388
4499	16
3246	40
2804	86
3194	41
4014	25
1806	292
2136	197
3454	41
4417	11
3776	26
2694	88
2544	115
2225	177
2405	124
4501	11
2043	213
3136	67
4107	17
2226	165
2059	203
3844	24
23156	1
2403	125
24481	1
3728	27
34547	1
2663	96
12936	1
3791	23
3421	45
2807	87
2196	145
3098	50
3007	61
2873	66
2894	88
2296	170
2570	117
3295	48
34114	1
1824	275
12097	1
1865	280
4265	17
14538	1
23740	1
2987	68
2912	67
2299	144
1282	708
2829	90
2157	171
2344	134
24283	1
3530	30
13803	1
3304	50
13577	1
2159	201
1295	710
8073	5
2986	62
4001	23
1334	602
11607	1
3211	48
1638	430
6475	3
1388	654
2687	89
5017	6
2859	64
1689	357
1606	425
11879	1
2781	82
4502	13
2997	63
6801	3
1714	319
1621	403
6667	2
1580	429
4266	13
2947	70
3750	18
1866	277
2950	60
2540	108
53905	1
2385	127
12658	1
1835	298
3144	45
3410	42
1462	518
3209	46
13482	1
3108	50
2175	171
12448	1
3766	29
2752	91
13025	1
3217	53
7331	2
2244	172
1756	327
1814	289
4688	12
2806343	1
2978	88
3237	41
1531	468
11804	1
8279	4
3192	42
1544	463
7209	5
2122	190
3978	16
3671	28
2264	175
2799	84
3715	30
4903	12
3554	36
3264	52
8351	1
4136	18
2537	109
2780	86
3244	48
3678	28
3841	23
2675	91
2135	204
23832	1
3079	66
2474	129
2302	142
2462	130
2295	164
3945	26
3934	17
2206	167
2632	96
3413	39
3942	20
1748	353
4028	18
14301	1
3315	45
1573	450
6937	2
1850	295
3269	41
1980	259
12253	1
1376	562
1694	330
229895	1
1612	403
11885	1
1550	447
53329	1
11823	2
3277	41
2326	150
1841	276
4040	16
2702	89
2463	116
2374	132
2577	119
2516	116
2092	236
3447	41
3240	40
23993	1
44489	1
2983	77
4400	18
14673	1
2004	206
2024	225
1390	581
4948	6
3243	41
3083	59
8170	2
3496	34
2757	73
1978	246
3423	41
2208	165
8198	1
3111	55
1852	262
2241	127
33060	1
3431	39
3245	44
2554	100
1881	263
4989	8
3440	42
2729	94
1953	231
2852	81
2613	91
12886	1
1535	468
3042	67
2661	121
4488	12
3138	49
3765	29
4256	21
3132	51
2925	70
23678	1
3504	33
2832	67
8360	1
3273	55
6650	5
1563	426
2889	64
24152	1
3399	37
13672	1
12221	1
1948	256
2047	214
2467	117
7529	2
2442	131
16829616	1
3076	61
6994	4
17267	1
371735	1
2618	71
53983	1
3072	58
2766	91
2401	122
2447	125
2054	219
12327	1
1939	241
2630	89
1501	522
9624	1
4537	14
2089	195
2773	77
2301	145
24082	1
3329	36
4804	11
1558	493
2138	225
4938	20
1783	338
2254	170
2487	116
2480	129
2402	121
2336	155
2388	137
2233	163
2851	86
7100	4
2013	228
2576	109
1708	382
3747	27
2920	62
4262	18
4109	24
2290	140
3279	58
4969	10
4555	10
46061	1
19784	2
9511	1
1602	420
11875	1
4701	11
14974	1
4287	17
45793	1
2435	130
2858329	1
1449	556
1804	303
3615	26
13888	1
1336	679
11609	1
3065	55
2183	150
474741	1
2862	73
4963	13
15137	1
4864	4
10050	1
3133	47
13363	1
4796	14
15069	1
2437	136
1882396	1
2601	83
3516	37
4475	17
3920	32
1946	244
2070	220
2224	162
1889	285
2712	89
7673	5
2586	96
199015	1
74497	1
2425	116
2644	110
12917	1
2072	209
33098	1
12345	1
8549	2
4201	18
4847	7
9736	1
20009	1
1139	945
1910	263
556652	1
2903	70
1842	280
2272	161
12545	1
2064	214
3711	31
34530	1
1373	647
38626387	1
5054	9
1383	539
3185	48
3210	44
2338	135
3818	22
2961	77
2162	207
6620	4
1533	455
2232	197
4956	12
43940	1
2434	124
3173	39
3525	31
3574	32
3282	46
8369	1
2914	76
2189	182
2979	54
1952	276
1547	438
2637	99
1971	233
2360	177
8341	3
3254	47
4444	12
14717	1
1702	348
1466	528
2445	120
4328	17
1649	390
11922	1
3354	35
3810	30
1994	236
3149	57
1510	514
1625	384
6814	2
2292	162
7435	1
4130	28
2820	82
4716	8
2231	168
1394	575
3134	58
1786	284
12059	1
1518	461
11791	1
43916	1
2410	126
1732	353
2132	211
1553	439
32372	1
7792	1
4531946	1
1775	295
2414	119
3175	51
1629	417
2028	236
3494	39
3741	31
2639	103
1415	579
11688	1
2202	160
2279	165
2419	127
1328	666
196515	1
3057	62
1975	236
1762	331
1555	476
22308	1
1898	271
4101	20
4366	16
2448	122
1317	649
1452	557
3718	30
2219	161
12492	1
1556	478
1530	475
2146	185
1969	231
1772	327
1791	327
1409	560
9432	1
4345	15
2080	206
12353	1
2619	97
4324	20
1784	331
43544	1
2038	227
4541	14
2058	234
2770	86
2221	172
3740	24
14017	1
3744	31
3843	24
3616	38
13682	1
34435	1
2891	66
115894	1
1719	331
11992	2
2278	145
2364	147
23305	1
127070	1
2552	114
3091	72
1288	685
32107	1
3517	42
7356	3
2269	162
4435	19
3603	29
1472	509
5039	10
35858	1
2659	95
3480	48
13753	1
1537	458
3736	33
14009	1
1636	444
1194	824
11467	1
1883	261
1589	428
2023	236
2234	172
2906	75
13179	1
2926	63
13199	1
300524	1
2479	121
2512	88
3117	45
8657	1
3570	37
2380	149
1753	318
12026	1
1862	313
1998	231
6821	1
1734	352
1644	413
1600	451
2640	100
156735	1
54005	1
2719	99
2503	135
12776	1
2977	64
189340	1
2563	112
44069	1
2534	109
23106	1
2353	140
2679	102
2261	150
3598	35
44220	1
2714	97
43465	1
1959	229
1770	346
12043	1
3213	48
2068	232
1691	407
1421	588
2174	163
12447	1
1755	361
1089	968
2504	106
1343	585
1469	491
6639	3
1552	442
1759	317
2509	112
2478	90
3332	50
2634	103
17895	1
7622	2
2483	130
2276	156
23029	1
3320	36
4632	14
2471	140
1363	616
2940	74
6438	2
1351	609
11624	2
220092	1
4359	18
2738	90
2842	84
2779	77
4677	8
2112	185
3089	51
2882	77
23635	1
4749	15
9836	2
2518	122
7605	1
3958	31
6072	6
985	1242
3034	49
13307	1
22385	1
1632	418
3676	32
4624	9
4656	14
76567	1
4363	11
2515	110
12788	1
4820	8
7387	2
2300	149
147868	1
2597	112
23773	1
3020	71
4203	23
4711	14
2861	86
2239	188
2179	174
4770	12
14629	1
56135	1
2699	83
12972	1
2937	71
1610	418
2090	202
1482	454
2288	150
1572	457
73483	1
3669	21
1699	357
1931	244
1846	285
2658	105
1106	921
3301	44
2648	70
2612	101
6293	3
1206	777
2228	164
2426	130
4022	30
1174	862
2218	185
834	1706
1319	684
1669	349
11942	1
3088	57
2783	102
2391	138
3082	57
2014	217
12287	1
1914	289
12187	1
2411	108
3859	35
3267	59
2129	218
2538	108
1987	235
1461	556
1169	929
2791	62
1716	345
1594	426
11867	1
1637	404
1681	389
1941	258
2657	103
1919	252
105805	1
2040	231
12313	2
32859	1
3588	26
7239	2
2152	190
993	1183
796	1732
3153	61
2091	210
1052	1082
22533	1
1780	348
1624	397
2180	196
1675	343
11948	2
1066	1051
673	2285
803	1771
504	3352
5670	6
583	2773
5891	6
804	1748
634	2521
51999	1
4975	14
10062	1
743	1921
764	1886
962	1326
1042	1166
785	1812
11058	1
3142	66
857	1574
553	2919
701	2135
23811	1
3058	65
439	3945
10712	2
489	3482
10762	1
2846	94
793	1797
783	1799
11056	1
21697	1
944	1312
936	1410
3293	39
623	2490
8207	1
106885	1
3120	64
763	1860
11036	2
5283	12
196	7854
10469	1
3797455	1
6718	2
2553	101
12826	1
1325	694
216	7453
21118	1
365	4737
10638	2
202	7661
690	2114
1017	1169
5952	5
865	1433
815	1696
1682	353
621	2573
729	2023
831	1647
144653	1
1048	1069
5533	8
446	3843
2803	88
13076	1
332	5247
10605	1
21331	1
578	2775
892	1526
5953	5
866	1543
10676	1
403	4275
698967	1
502	3324
6698	4
1611	408
5809	4
722	2085
432	3765
933	1370
6141	4
1054	1039
3411	51
603	2671
10876	1
821	1672
606	2579
1050	1083
5874	3
787	1761
910	1394
11183	1
622	2558
10895	1
611	2646
5750	8
663	2260
825	1677
998	1248
903	1484
31722	1
11176	1
733	2044
31303	1
913	1455
269125	1
819	1735
11092	1
3176	51
1843	303
12116	1
2125	196
516	3310
31335	1
5811	4
724	2145
6032	2
945	1343
1018	1161
745	2017
853	1571
11126	1
1962	246
31463	1
644	2449
941	1319
369	4637
994	1185
5973	3
118976	1
16246	1
886	1566
2020	249
2408	147
51	15594
10324	2
5277	6
2547	107
762	1856
3119	55
642	2561
308832	1
31461	1
814	1690
5639	7
552	2980
10825	1
5605	5
518	3239
10791	1
788	1774
806	1804
413	4162
10686	1
256	6507
855	1572
11128	1
960	1257
3317	44
861	1527
2936	83
579	2748
718	2166
10991	1
6044	4
987	1178
395	4283
6710	5
1623	403
5601	3
514	3190
754	1875
11027	1
228	7292
279	6145
10552	1
5282	10
601	2682
10874	1
392	4465
10665	1
6062	5
975	1205
113	10572
3223	47
3016	59
23769	1
961	1267
444	3902
682	2244
1040689	2
3039	57
625	2618
5925	6
838	1585
1308	680
5286	9
199	7834
2556	132
6187	7
1100	994
259	6541
72170	1
988	1251
708	2058
10981	1
5856	3
769	1910
11042	1
1926	269
817	1666
585	2756
927	1334
5959	1
872	1530
347	4931
1003	1214
103733	1
31822	1
11276	1
691	2216
484	3535
21237	1
10757	1
31510	1
837	1653
827	1706
10562	1
289	6122
388	4432
950	1257
3307	56
5387	17
300	6988
681	2323
3038	56
2192	201
307	5711
31126	1
1416	573
3773	26
967	1271
3324	45
455336	1
5822	3
16095	1
4732419	1
735	2041
250	6703
10523	1
5517	5
430	4070
21800	1
1047	1120
746	1888
5955	4
16228	1
3225	57
836	1621
3156	44
5886	6
799	1720
728	1981
5749	5
662	2326
3019	69
541	3173
2898	73
21506	1
753	1958
1582	464
3939	23
5560	5
3149098	1
473	3556
322	5501
2788	84
5518	4
56883	1
431	3975
570	2933
3497	26
4859699	1
5806	8
719	2048
10992	1
964	1232
3321	47
2493	123
85505	1
990	1207
891	1511
483	3489
2840	81
1065	1051
11338	1
628	2571
2002	239
811	1712
451	3853
1480	491
371	4666
1492	519
383	4533
2740	95
247	6538
5496302	1
10520	1
2604	98
1356	651
2067	229
255	6439
1049	1102
3406	54
1061	1064
540	2970
1765	334
5465	9
378	4637
2735	95
1080	1011
1811	274
5789	2
418	4101
5756	4
669	2380
1013	1148
1972	267
6030	5
98487	1
943	1321
2052	215
5974	3
21640	1
887	1410
880	1592
442	3932
5646	10
559	2976
2916	82
930	1362
919	1421
240	6742
10448	1
175	8580
274	6089
10547	1
2631	110
646	2430
617	2580
723	1981
697	2241
795	1746
11068	1
1011	1084
590	2762
5876	5
789	1786
11062	1
1513	471
678	2234
5884	5
797	1836
212	7341
10485	2
2569	130
525	3168
530	3128
10803	1
1039	1108
3396	47
292	5943
2649	93
302	5880
10575	1
643	2469
6053	6
966	1234
472	3581
1617	405
5595	5
508	3328
1360	640
5338	8
251	6549
21626	1
873	1521
647	2396
10920	2
742	2039
11015	2
1604	429
3822	30
6552	3
1465	496
495	3386
1408	560
5386	6
299	6400
2656	105
488	3470
2638	96
23391	1
968	1314
5938	5
851	1610
832	1668
325	5212
1434	575
1008	1200
2960	67
6166	3
802	1745
11075	2
947	1309
400	4222
276	6230
847	1561
569	2858
2262676	1
599	2656
499	3414
2856	77
1685	400
751	1879
1860	282
319	5492
2676	107
1428	603
11701	1
356	4974
666	2363
3023	75
1988	199
105753	1
2205	170
1658	364
546	3066
1890	277
5868	5
781	1772
11054	1
637	2430
928	1351
2037	212
5433	6
346	5087
215	7401
1324	664
1101	1023
888	1441
21582	1
829	1652
278	6090
2635	114
1387	579
1085	1008
844	1682
3201	50
713	2091
5516	9
429	4064
10702	1
1601	466
3585	29
8672	1
5579	7
492	3496
2849	71
2723	106
6707	5
37526	1
1620	423
1075	1015
2184	177
683	2194
31502	1
10956	1
1803	333
1442	548
2097495	1
561	3001
2918	60
260	6448
21310	1
557	3008
679	2153
497	3453
6750	4
1663	388
425	3971
2782	72
2643	94
5373	6
286	6026
1534	478
11807	1
5455	2
368	4726
10641	1
6087	6
1000	1213
11273	2
532	3092
5631	6
544	3007
5764	5
677	2289
1353	612
244	6669
696	2045
600	2684
3157	63
13430	1
524	3264
2881	70
410	4271
2315	151
9276	1
341324	1
97	11565
604	2605
523	3289
31342	1
5460	9
373	4695
5522	5
435	3950
7879	2
2792	94
3645	26
318	5424
316	5545
2673	93
1425	548
11698	1
5356	8
269	6210
15719	1
5446	7
458	3752
10731	1
2815	72
740	2017
1005	1191
432471	1
5847	4
760	1921
11033	1
1869	256
5943	5
856	1583
283	5919
5390	4
303	5766
6083	4
996	1173
3353	47
882	1485
11359	1
457	3801
2814	81
2400	143
43906	1
2607	107
23360	1
416	4098
341	5170
3906	25
1549	444
11822	1
6775	2
1688	388
273	6308
23356	1
2603	87
5333	9
246	6606
385	4399
10658	1
309	5706
1882	287
5860	9
773	1824
5399	13
312	5702
2669	97
3479	34
1122	957
1261	749
152	9242
470	3651
2827	77
5485	12
10880	1
607	2673
706	2071
725	2039
6019	5
36838	1
932	1390
2334	155
10389	1
7560	3
2473	121
2467993	1
614	2732
5155	6
464	3559
2821	96
1020	1155
11086	1
31839	1
767	1973
3124	50
27311	1
1876	278
720	2002
5669	6
582	2818
10855	1
709	2060
421	4135
757	1894
21345	1
592	2667
5384	10
297	5905
971	1253
11244	1
3328	52
801	1726
799688	1
11074	1
3158	51
1776	333
10841	2
568	2901
667	2331
10940	1
422	4110
51787	1
1097	971
11370	1
5598	6
511	3323
5209	13
122	10241
281	6028
10554	1
306	5730
698	2186
3055	62
1673	390
564	2864
2921	75
820	1787
3177	49
942	1291
587	2701
2944	68
453	3767
407	4271
2764	66
359	4921
1704	376
595	2775
10868	1
5271	4
184	8321
799071	1
10457	2
1293	727
11566	1
3650	35
21563	1
810	1719
2165	196
563	2913
10836	2
5597	7
510	3295
146	9534
181	8467
10454	1
5513	3
426	4153
10699	2
798	1784
3155	68
6822	6
1735	342
626	2602
482	3590
112	10573
10385	1
2469	122
445	3776
1774	323
5752	3
665	2332
2602	110
517	3305
443	3828
466	3747
10739	1
6662	4
1575	424
630	2525
10903	1
6063	4
976	1234
11249	1
759	1927
1545	491
289189	1
3902	38
4848	10
4434	12
45940	1
134	9731
412	4335
2769	84
125267	1
749	1959
10333	2
60	14449
5246	5
294	5940
5183	6
96	11469
7540	3
2453	105
310643	1
12726	1
110	10718
1651	415
632	2490
427	4064
2784	101
1105	980
217	7360
955	1268
5459	6
372	4667
5314	15
227	7076
10500	1
2584	97
618	2566
5164	11
77	12964
428	3993
2785	79
5225	5
138	10175
7582	2
2495	97
1247	740
1274	687
2383	132
26	24164
5252	11
77163	1
165	9050
2522	100
44	17182
5300	10
213	7400
3631	35
3780677	1
362	4837
479	3554
485	3583
5180	6
15453	1
93	11810
780841	1
380	4488
921	1400
5477	7
390	4492
850	1612
11123	1
1366	605
257	6404
1339	624
230	7149
744	1921
1853	291
238132	1
2441	131
2027	245
43533	1
5171	14
10258	2
84	12581
10357	1
223	7221
10496	1
20864	1
111	10599
10384	1
2468	135
4825	17
652	2366
3009	65
460	3697
141	9739
414	4156
1523	497
5528	4
10615	2
342	5001
441	3886
16112	1
752	1854
1320	679
211	7235
10484	1
1236	761
127	10400
1777	321
668	2300
95	11759
10368	1
839	1607
3625	33
3004	50
65263	1
1268	743
298	6114
41390	1
1177	837
10242	1
68	13917
10341	1
20802	1
49	15691
2406	141
12679	1
1230	795
2339	150
121	10167
5254	8
15527	1
167	8900
2524	113
177	8412
1076	1054
535	3080
1243	763
20803	1
50	15917
21344	1
591	2702
3402	40
187903	1
1126	898
11399	1
17	30470
558	2918
210445	1
2915	67
5173	7
86	12409
43949	1
2443	135
12716	1
627	2515
2984	76
5127	6
40	17759
10313	1
13	36305
10286	1
285	5994
15289	1
5016	7
20781	1
28	22991
321	5445
10594	1
2678	77
5949	4
19832839	1
862	1566
1944	251
64	14172
605	2630
398	4413
21151	1
103	11201
10376	1
337	5121
80	12689
1703	349
501	3399
1344	629
5322	10
235	6838
776	1822
11049	1
20815	1
62	14359
75	13181
6271	7
1184	876
11385	1
1112	1008
1211	818
8586	1
299128	1
5189	8
102	11405
10375	1
2459	137
23	25329
280	6097
194	7764
6390	5
22056	1
1303	730
40406	1
123418	1
142	10035
1330	680
11603	1
5308	7
221	7185
2578	106
12851	1
5362	7
275	6259
10548	1
5204	9
117	10667
10390	1
658	2341
3015	65
1254	787
118235	1
145	9690
2502	111
686	2161
411606	1
659	2369
10932	1
118	10491
2475	121
30	21624
2387	124
92195	1
629	2493
1738	371
12011	1
115	10558
2472	123
241	6742
4955	9
102589	1
849	1594
1417	565
11690	1
308	5731
78	12777
21452	1
699	2168
10972	1
2917	72
560	2842
158	9160
415	4110
2772	64
1141	912
32	20268
1152	920
52517	1
43	17404
5305	5
15578	1
218	7300
10491	1
732	2016
11005	2
191	7959
389	4355
151	9230
2508	117
327	5304
2684	95
6523	7
1436	544
330172	1
5441	12
354	4922
503	3211
210	7478
2567	113
8019	2
2932	81
575	2843
714	2038
5260	9
173	8715
2530	109
1309	729
5287	6
200	7724
602	2671
2959	61
1170	830
5148	6
61	14444
10334	2
7505	1
2418	129
934	1322
11207	1
104158	1
393	4327
7837	3
2750	79
420	4211
1209	825
3566	32
100	11651
366	4721
159	9131
20912	1
1218	797
109	10853
1154	897
45	16604
1269	746
160	8937
10433	1
1142	958
5120	7
15393	1
33	19438
2390	131
10386	1
238669	1
465	3671
208	7610
10481	1
2490	138
4815	14
25568	1
5022	7
133	9913
272	6280
7716	2
2629	100
15	34151
10288	1
7459	1
2372	149
556	3049
176	8396
6076	5
989	1143
5169	13
82	12643
10355	3
2439	141
85	12352
638	2511
2995	75
6577	7
1490	503
381	4563
6320	5
1233	804
11506	2
5211	14
124	10300
2481	106
12754	1
304	5706
47	16019
2404	128
5675	3
588	2774
2902	56
104310	1
545	3114
684	2319
10957	1
143	9955
2500	113
33526	1
12773	1
711	2157
229	7102
41321	1
770	1901
10245	2
71	13341
10344	1
51198	1
328	5339
51693	1
5288	6
201	7705
1404	601
295	5822
1277	743
168	9138
10441	1
555	3014
1123	902
14	36639
10287	1
42656	1
1150	874
41	17163
10314	2
2398	150
5418	6
331	5119
2688	97
363	4732
10636	1
6284	6
1197	819
88	12239
8	69318
4722	15
2365	143
12638	1
1208	787
11481	1
5186	4
99	11368
2456	147
640	2396
5402	4
315	5639
188	8116
5474	7
387	4480
225	7252
10498	1
130	10257
739	1966
5826	5
3	198705
16280	1
6007	2
1019	1122
6674	5
1587	433
478	3582
2835	95
1357	656
5335	13
248	6700
5266	3
179	8338
311	5683
52	15471
593	2710
2	477430
2359	149
543	2996
254	6548
10527	1
2611	93
33430	1
4572	11
2215	191
12488	1
136	9777
4850	9
1118	974
9	50705
10282	1
16	34228
1479	514
370	4709
10643	1
822	1687
70	13448
2427	131
1143	884
5121	8
34	18889
447	3859
10720	1
1175	871
3532	34
10240	1
112970	1
66	13974
2423	113
5853	3
775	1794
8648	1
3561	40
1204	779
5321	7
234	7144
2141	196
1727	349
43233	1
1032	1104
2709	84
12982	1
5439	6
3886043	1
5232	7
25985	1
352	4921
51717	1
491	3489
4	191094
297921	1
10277	1
639	2464
98	11561
4812	13
1110	981
1	10399818
2358	156
128	10214
27	23381
5371	4
97828	1
284	5867
2641	90
10184	2
10	50445
2367	142
115370	1
105425	1
1660	364
567	2877
881	1481
52246	1
5427	4
340	5214
2697	79
249	6706
7693	3
2606	93
186823	1
46	16037
2237	186
12510	1
19	28386
10292	1
29	21456
209	7456
5564	2
477	3478
10750	1
2834	76
2627	102
23380	1
72	13269
2429	118
5124	7
37	18188
10310	1
2394	145
11	42269
10284	1
2368	146
2230	185
12	45485
10285	1
526	3179
5229	5
2499	129
399	4382
2756	95
519	3193
1114	934
3471	42
5	99080
5358	10
4530	12
87542	1
271	6376
10544	1
2628	92
2257	181
1148	858
39	17392
20585	1
83592	1
580	2852
22	26559
10295	1
5493	6
406	4131
10679	1
20939	1
186	8077
10459	1
727	2020
520	3317
21273	1
149	9397
5543	10
456	3777
293	5994
5123	9
20582	1
577	2791
5112	9
25	24064
376	4647
1999	231
3539	29
73	13092
10346	1
21	26875
10294	2
2378	137
455	3827
2812	75
1307	708
198	7828
2555	123
791	1718
3148	48
20	29403
10293	1
1006	1196
534	3197
277	6221
394	4449
411314	1
1512	486
2760	76
4392	18
14665	2
935	1281
423	4075
10696	2
169	8949
2526	121
710	2097
35	19217
2392	133
2199	185
2720090	1
1447	509
826	1667
63085	1
5425	6
338	5128
87	12423
51452	1
2444	143
313	5646
6252	4
16525	1
1165	889
5143	12
56	14909
1164	882
957	1300
21710	1
55	14868
2412	125
12685	1
1473	515
11746	1
364	4825
10637	1
2721	80
107	11114
2464	128
648	2330
139	9962
10412	1
5767	8
680	2225
69	13599
598	2571
2955	62
287	5981
1396	555
334	5224
3946	15
105	11047
10378	1
2323	145
12596	1
700	2091
1200	833
5178	12
91	11875
5375	4
288	5829
1078696	1
1259	742
5237	9
150	9407
664	2365
3021	60
123	10318
61761	1
42	17287
20588	1
10315	1
405	4203
2762	98
2623	104
266	6324
21212	1
459	3697
463	3564
5293	3
206	7613
10479	2
5407	8
320	5451
1429	597
144	9759
449	3781
5279	7
192	8007
10465	1
7569	3
2482	139
125	10334
10398	1
20671	1
264	6177
1887	280
4244	16
116	10505
20869	1
21076	1
323	5327
521	3254
1116	955
5094	8
7	63187
10280	1
548	3035
351	4921
1203	835
5181	11
94	11803
4442	22
22838	1
2085	214
71224	1
6	87378
10279	1
6743	2
1656	398
547	2958
2904	80
1348	638
10413	1
140	9969
239	6773
2596	106
780	1886
31599	1
3416	36
1059	1087
89	12159
1133	935
24	25650
10297	1
7468	5
2381	145
565	2898
1781	327
5759	4
36578	1
5896	4
672	2341
20884	1
131	10216
2488	137
375	4718
16177	1
5904	6
916	1400
35944	1
5125	10
5422	6
5262	8
716	2057
5596	6
509	3418
10782	1
1618	380
1645	378
536	3065
10809	1
2186	183
1077	1011
164	9056
10437	1
2521	120
705	2141
219	7346
20438	1
10165	1
90	12012
631	2463
296	6026
10569	1
5580	3
493	3360
83	12443
2440	137
1733	325
624	2574
1291	691
182	8418
23292	1
2539	133
18	30457
308208	1
2375	139
22758	1
2005	193
355	4863
106	11262
114144	1
10379	2
1438	503
329	5317
2686	105
146447	1
1176	864
67	13830
2424	130
608	2695
462	3680
1571	457
11844	1
343	4936
231	7058
2217	154
12490	1
53	15051
31079	1
10326	1
670	2279
700142	1
56799	1
5434	7
842	1490
301	5797
973	1253
766	1904
21519	1
3330	51
419	4155
2776	86
5152	7
15425	1
65	13795
2422	137
2476	128
660	2360
396	4340
5248	12
20914	1
161	9165
5340	7
253	6645
10526	1
1457	521
41854	1
348	5040
41440	1
267	6285
2581	102
21489	1
736	1987
11009	1
232	7119
10505	1
2589	113
12862	1
205	7440
1314	685
11587	2
1280	718
5258	8
171	8746
10180714	1
2528	117
6059	8
972	1205
79	12487
10352	1
620	2553
807	1832
189	8186
5249	9
162	9240
6358	6
1742495	1
1271	766
11544	1
76	13009
7520	4
2433	144
5243	13
156	9370
5216	13
15489	1
129	10144
1238	800
3595	32
654	2391
20812	1
59	14558
193	7947
7637	3
2550	106
5253	5
166	9143
10439	2
2523	124
1275	733
350	5046
5397	7
15670	1
310	5611
2667	79
1172	869
63	14337
2420	133
5495	5
42428	1
922	1318
715	2077
21468	1
2031	197
409	4291
5235	6
148	9518
1287	684
5265	8
178	8342
2535	127
12808	1
268	6254
1201	833
92	11928
265	6209
10538	1
174	8620
10447	1
1163	863
153	9224
4867	10
117870	1
2510	120
258	6459
9305	2
433	3902
5488	10
401	4185
377	4696
10650	1
23487	1
2734	95
1622	360
3979	30
513	3232
10786	1
180	8352
61818	1
358	4740
23468	1
2715	85
242	6686
2599	113
434	4009
114	10662
522	3171
6519	2
1432	585
11705	1
5410	7
1263	708
154	9385
10427	1
20700	1
33033	1
2214	156
2511	134
353	4822
424	4087
5250	9
163	9108
704	2200
3061	45
1426	548
11699	1
317	5528
5350	11
263	6262
1950	256
657	2380
10930	1
1451	545
883	1479
1596	413
487	3471
5436	7
349	4879
2706	102
5972	5
885	1433
344	5088
332185	1
137	9885
20890	1
2701	102
1166	841
5144	10
57	15000
1045	1158
11318	1
36654	1
5835	4
1299	691
11572	1
6133	5
1046	1023
31865	1
1614	438
5592	7
505	3319
1256	732
11529	1
5234	10
147	9570
1983	225
874	1533
333	5163
126	10222
20879	1
2690	88
379	4617
5780	6
693	2263
38	17879
2395	154
1347	654
20991	1
238	6865
10511	1
779	1831
11052	1
2065	243
437	3913
1546	457
1445	537
11718	1
3802	21
336	5172
2693	101
5568	6
481	3474
498	3345
41713	1
207	7546
2564	100
748	1928
11021	1
3105	70
5207	8
2799463	1
120	10403
461	3816
2140	229
777	1821
236	6815
1957	240
4314	13
848	1618
21164	1
411	4140
2768	85
197	7677
361	4794
382	4565
2739	76
1398	612
5376	7
226	7114
1241	811
132	9960
20678	1
653	2373
3010	71
687	2168
6065	3
978	1194
771	1820
21524	1
31797	1
1264	762
155	9435
10428	1
20936	1
183	8418
10456	1
5222	11
135	9872
676	2330
1217	765
108	11143
10381	1
81	12517
10354	2
2438	149
1190	883
11463	1
1439	562
5417	5
330	5300
1331	659
222	7078
2579	119
1342	670
233	6944
774	1813
475	3670
448	3717
8757	1
4325381	1
2805	78
13078	1
1557	464
291	5962
81596	1
20833056	1
204	7646
1599	410
5577	7
490	3484
5478	7
391	4359
4732	15
9819	2
2748	81
5444	6
357	4788
898	1443
5620	5
533	3090
2890	70
500	3294
10773	1
262	6450
270	6399
5274	12
187	8079
1234	823
3591	29
5525	4
438	4067
5188	8
101	11292
2458	108
1346	668
3703	24
237	6736
906	1379
5473	3
386	4540
10659	1
23496	1
2743	84
1891	280
6978	3
324	5285
2681	84
252	6567
10377	1
104	11221
203	7658
74	13410
909	1401
21043	1
290	6025
527	3203
250968	1
1932	263
823	1745
11096	1
5930	6
843	1610
5599	6
512	3219
496	3399
1561	465
452	3823
10725	1
245	6665
20998	1
384	4544
2741	59
5244	10
157	9151
2514	115
5135	7
15408	1
48	15819
10321	1
1157	893
486	3467
5581	7
4339	14
128857	1
494	3390
220	7276
5392	8
305	5722
1615	409
11888	1
5593	5
506	3342
1213	766
2461	129
1294	754
11567	1
185	8144
1242	701
11515	1
2253	158
2990685	1
345	5024
243	6658
36	18667
20789	1
992	1191
326	5390
119	10429
20872	1
5301	5
214	7342
10487	1
5145	10
58	14920
2415	142
1476	554
367	4681
2724	97
261	6407
54	15036
20807	1
468	3651
2825	82
5484	7
104162	1
397	4309
190	8065
20943	1
417	4074
1031	1120
550	2933
93007	1
1153	866
126042	1
1524	474
645	2399
3002	66
1584	465
2110	226
2025	250
2970	61
613	2577
7253	6
2166	174
7123	2
2036	258
1035	1127
1270	715
22769	1
2016	224
875	1507
440	3888
1087	1016
375531	1
1977	249
1717	367
859	1530
4067	25
1710	368
1266	753
3623	34
1345	606
566	2839
2923	62
1680	391
1192	853
840	1610
1410	571
2105	179
1475	537
5655	9
650	2425
937	1340
572	2873
10845	1
835	1646
1092	1045
894	1467
31713	1
3251	36
1505	504
469	3578
1064	1006
11337	1
21227	1
474	3637
2831	74
597	2636
224	7269
5311	7
1923	238
542	3080
335	5234
21088	1
21445	1
692	2222
3049	62
5558	10
471	3555
5873	5
16146	1
786	1747
586	2787
2943	69
790	1777
11063	1
954	1296
1736	362
1731	366
519546	1
721	2086
10994	1
10787	1
31540	1
772	1909
3221	47
864	1499
16542	1
6269	2
1281	750
1494	507
24604	1
3851	29
172	8645
2003407	1
2529	118
6628614	1
515	3338
2872	76
737	1964
917	1426
11190	2
5989	6
902	1406
1180	893
915	1430
6454	7
1367	690
1504	502
6094	3
11181	2
908	1419
1007	1169
134556	1
6302	4
1215	846
11488	1
3612	39
116615	1
3405	44
24158	1
6342	5
1255	780
1010	1140
5818	2
731	2067
1626	404
11899	1
1286	679
1063	1013
2294	163
6427	2
1340	664
11613	1
712	2058
339	5044
5426	6
467	3710
974	1252
11247	1
1298	700
1700	376
1224	807
11497	1
1279	749
539	3071
43838	1
2332	154
1773	316
2033	244
207493	1
589	2659
538	2957
2895	73
5956	8
869	1510
633	2496
188034	1
1257	750
5813	7
726	1944
635	2531
5915	8
828	1694
3693	36
5954	5
1034	1097
11307	1
6050	6
963	1292
1450	547
1454	561
16333	1
6060	6
1072	1081
794	1791
11067	1
3151	50
22764	1
2011	238
1532	434
1090	995
11363	1
655	2438
6011	5
924	1351
2227	181
1227	790
765	1884
3122	56
6313	6
37132	1
1226	848
1986	234
1551	436
878	1497
581	2707
5781	6
694	2233
761	1883
11034	1
1652	373
1478	519
1489	491
868	1523
63127	1
1984	250
12257	1
7027	4
1940	244
3954	17
6208	2
1121	936
984	1232
1001	1202
738	2030
7349	2
2262	177
1289	717
360	4727
1508	486
404	4332
1278	734
1131	906
3203	61
2996	68
23749	1
13476	1
529	3146
2886	71
5957	6
870	1473
1401	571
6332	2
1245	756
3602	38
6657	6
1570	460
11843	1
1132	891
3489	45
1453	527
893	1451
11166	1
6243	3
1156	955
9164672	1
1149	921
11579	2
1306	683
1405	570
938	1258
6200	7
1113	943
1888	288
450	3805
1712	338
571	2901
876	1580
641	2405
805	1751
11078	1
1332	651
1616	383
1315	704
1798	322
12071	1
877	1502
6830	5
1743	324
476	3587
549	2960
10822	1
3060	59
703	2094
84115	1
1103	971
1393	591
1362	665
1055	1007
5776	7
689	2131
1894	268
889	1466
8630	1
6442060	1
52254	1
1302	709
717	2026
958	1228
1210	750
11483	1
5821	4
734	1984
282	5972
1273	729
11546	1
1459	524
610	2631
997	1182
1400	587
685	2251
890	1468
21448	1
695	2236
8139	4
3052	55
2845	73
23598	1
13325	1
2055	192
5663	5
576	2904
808	1768
809	1691
11082	1
5523	6
931	1393
3288	51
730	1984
1517	492
1483	566
7235	1
2148	181
1529	499
6308	8
1221	731
43503	1
1997	221
1942	266
1167	853
813	1709
6916	5
1829	294
688	2165
2029	225
2019	241
1514	508
11787	1
1763	341
1538	521
584	2739
10857	1
170	9013
41676	1
1038	1110
11311	1
899	1457
11172	1
1855	271
1195	865
2964	74
750	1959
1579	470
656	2372
969	1233
72880	1
6989	4
1902	264
12175	1
1827	329
12100	1
1058	1084
1917	277
6292	5
1205	862
1109	1003
1062	1039
3419	27
6333	6
1246	807
1181	841
11454	1
845	1590
52210	1
2134	202
1787	335
1248	789
7174	2
2087	215
12360	1
609	2609
113612	1
10882	1
1196	805
1189	813
1301	691
11574	1
612	2570
2335	153
768	1927
6040	7
953	1233
3310	50
5649	6
562	2943
905	1466
1742	334
1559	467
3916	20
1935	273
12208	1
402	4275
195	7803
20948	1
1219	773
5624	4
537	3032
6384	4
1297	684
2247	153
94704	1
1216	846
8660	2
24326	1
3573	30
1188	886
675	2335
10948	1
2111	197
12384	1
1491	537
1800	316
12073	1
986	1220
3343	40
6755	5
1668	382
1437	549
11710	2
1993	229
12266	1
778	1842
2211	173
1041	1162
816	1668
970	1279
949	1370
911	1368
1053	1072
6331	6
1244	765
3601	46
5947	6
860	1488
2160	208
1541	476
6582	5
1495	507
1441	536
2050	225
1577	444
1382	627
897	1446
574	2892
1134	912
6273	3
1186	801
1486	508
755	1839
596	2648
10869	1
1569	421
1384	576
11657	1
784	1860
1595	410
11868	1
1769	314
12042	1
1364	633
1198	866
830	1625
1992	228
1304	686
1938	226
5843	8
756	1949
879	1448
661	2280
454	3687
21207	1
10934	1
747	1986
374	4657
5461	9
758	1885
11031	1
551	3009
21304	1
507	3274
923	1358
6490	3
1403	557
11676	1
6894	4
1807	329
32626	1
1837	292
1750	341
1370	641
1350	603
977	1240
6064	3
871	1542
1009	1207
1808	284
1893	272
12166	1
1159	885
6561	3
1474	502
11747	1
21774	1
1021	1164
884	1517
3241	47
1225	768
1861	278
833	1618
1029	1138
1127	955
824	1734
2216	170
22429	1
1676	390
616	2647
10889	2
2973	68
6215	5
5423	7
1128	904
11401	1
1918	247
1310	678
895	1440
1709	392
12070	1
1797	303
9172	1
299714	1
1896	291
904	1357
1871	262
1335	669
3692	39
1548	424
1249	771
1527	485
1562	447
480	3514
531	3239
5941	10
57306	1
854	1636
12262	1
1989	249
2088	207
20564	1
228094	1
846	1549
125364	1
4445	19
1372	657
1083	1036
11356	1
671	2297
10944	1
5828	3
741	1913
7007	1
1920	270
1687	363
5928	5
841	1590
1500	467
554	2984
10827	1
2911	89
31867	1
218644	1
940	1319
1313	648
11379	1
32132	1
1368	645
6120	2
1033	1089
573	2865
1036	1135
11309	1
2017	248
1554	440
1470	539
1067	1069
146620	1
1349	609
11622	1
2000	230
5905	6
818	1728
11091	1
1285	746
1093	1060
594	2641
2951	61
1223	766
1443	543
408	4178
104173	1
11716	1
1433	594
636	2445
6255	1
1168	877
1160	904
6067	4
980	1239
11253	1
6242	4
1155	901
8827	1
1448	566
1296	680
2006	233
1327	681
1071	1054
3428	41
1095	944
6728	3
1641	409
11914	1
11500	2
53006	1
3772	21
901	1466
11174	1
1102	954
2286	165
1136	942
8580	3
3493	25
1094	959
6465	6
1378	593
1057	1068
436	3984
62695	1
3414	38
1239	772
43045	1
1539	458
649	2340
1900	261
1979	215
6168	5
1081	1011
6370	3
1283	710
1212	770
3569	29
1392	588
1016	1101
2114	171
1907	268
22660	1
12387	1
6574	5
1487	496
11553	1
32306	1
1178	799
2137	214
2191	165
2333	160
1723	350
11996	1
1460	538
1220	781
7265	2
2178	183
12451	1
1022	1143
11295	1
2086	200
271381	1
1592	429
1892	302
1179	822
2124	198
1790	323
4147	20
1108	940
2082	229
1329	640
1162	873
2356	125
1262	732
1253	777
1419	593
1901	271
1805	330
1499	499
1043	1060
2081	221
1488	513
3845	29
907	1399
2243	181
615	2670
1014	1100
6013	4
926	1371
1145	893
1657	363
16312	1
6039	3
1051	1063
6345	3
1258	729
1187	837
939	1376
11212	1
21870	1
1117	970
2342	135
619	2470
1692	346
42771	1
1265	706
1144	902
1671	425
1375	651
6476	4
1389	591
1321	670
1446	526
5615	8
528	3081
2885	74
6316	6
1229	779
3586	38
98060	1
5603	8
1407	537
1857	273
1608	437
11881	1
37730	1
6911	5
2121	192
1086	979
104851	1
952	1307
1789	331
651	2366
1522	507
2283	144
1252	732
1643	439
11916	1
5987	3
900	1499
2120	205
1967	254
1471	493
1650	409
1928	238
2347	127
858	1513
1874	297
2161	199
1146	916
6935	6
1848	283
1758	321
2030	220
1956	262
918	1407
3275	49
6115	6
1028	1107
52393	1
1069	1045
1832	309
1111	934
1171	835
1377	580
2001	218
981	1246
6392	5
1305	672
32124	1
3486	41
1129	937
1793	288
1646	428
3940	23
6670	2
1583	473
6931	2
1844	283
1137	931
1929	244
1540	459
920	1424
11193	1
16903	1
6630	1
1642	412
6943	3
1856	277
4381	12
1386	597
674	2198
6811	3
1724	333
1560	455
6046	2
11232	1
1079	1061
1323	608
6629	5
1542	484
1138	882
7309	2
2222	187
7364	3
27910	1
7067	4
2277	155
1854	321
1182	874
7094	5
17367	1
2007	227
1151	885
1424	553
6542	3
1455	529
1525	442
2039	217
4396	14
35215	1
1885	284
1267	666
1954	267
1120	914
1464	505
1767	324
12040	1
7237	1
2150	200
1751	306
1875	276
6175	4
1088	980
3445	32
1369	628
1766	293
1456	584
1619	424
1084	1049
1947	243
1605	416
1440	531
11713	1
946	1219
105329	1
1564	468
1640	415
11913	1
6016	6
16289	1
929	1350
1496	457
22571	1
1818	321
12091	1
991	1177
11264	1
6606	1
16879	1
1519	475
11792	1
395509	1
1202	845
11475	1
1091	1040
22246	1
1493	529
1130	974
1365	617
6070	5
983	1233
11256	1
852	1596
1074	1017
867	1541
21620	1
2108	180
1073	996
104838	1
1826	296
1124	971
6091	2
1004	1164
6114	6
1027	1115
1511	531
948	1262
2044	236
1497	477
11770	1
2235	166
1707	376
1412	556
6113	4
1026	1087
11299	1
1028326	1
1943	280
12216	1
63722	1
1463	535
11736	1
1607	432
1107	979
1516	482
1672	346
1068	1056
1399	546
1585	431
6665	4
1420	564
1191	841
1925	239
12198	1
2185	160
2026	231
6327	4
1240	789
1593	440
21893	1
1140	887
1754	354
1498	513
2325	154
1358	644
1427	530
11700	1
914	1383
6206	2
1119	927
912	1366
21665	1
2170	178
1674	393
1173	873
2317	157
12590	1
1276	719
1341	658
1934	252
1879	294
1468	531
2188	143
37890	1
7071	2
2281	136
6405	6
1318	682
2246	165
2293	155
2341	120
1858	305
6951	3
1864	269
1385	594
1235	785
11508	2
1322	685
1749	349
1588	443
1096	1016
1543	466
11816	2
1778	357
1012	1139
6798	2
1711	339
1740	327
12013	1
1877	256
12150	1
1825	329
1338	677
32157	1
3695	20
1603	422
4668	12
1739	364
1023	1024
1905	278
1951	259
2074	234
2128	199
1849	294
2083	230
1002	1184
1147	879
1337	673
11610	1
3694	28
13967	1
3487	38
24240	1
1677	359
1528	453
52893	2
248080	1
1015	1177
11288	1
1897	253
2309	133
2126	186
1183	831
6315	7
1228	839
11501	1
21565	1
812	1710
1880	287
1678	358
2057	227
22774	1
2021	223
1030	1166
2143	185
1316	659
6596	3
1509	501
1863	285
2275	154
63890	1
1631	396
1435	575
1613	427
863	1515
1830	310
2063	219
965	1318
52744	1
11238	1
6082	5
995	1279
6280	12
16553	1
1193	849
1125	932
32151	1
11398	1
3482	40
979	1155
1963	244
1359	621
2163	178
4520	11
2297	146
1924	278
7011	2
2022	198
1851	278
1690	378
6143	4
1056	1120
11329	1
1597	447
2313	162
6784	5
1697	379
11970	1
1872	289
12145	1
1665	368
22418	1
1653	389
11926	1
3929	23
3722	37
24475	1
14202	1
1418	557
1976	258
999	1143
11272	1
1567	434
3579	37
6309	3
1222	781
1745	338
1158	943
3515	40
2274	141
1380	583
6915	2
1828	322
6572	4
1485	501
1025	1147
11298	1
1639	413
1260	733
1764	276
2349	151
22895	1
2142	162
12415	1
300059	1
4371	13
22798	1
2045	205
3708	33
13981	1
1250	778
11523	1
2154	171
12427	1
11903	2
1630	375
1729	350
1598	430
2077	186
707	2084
1836	304
1655	383
1966	272
2042	225
12315	1
1895	272
1312	738
1809	295
6753	8
1666	405
4365	15
2320	153
1082	1028
11355	2
1431	572
11704	1
6498	4
1411	572
1779	333
23084	1
2331	143
1078	994
1813	306
6844	3
37663	1
982	1253
11255	1
1430	589
11703	2
1870	265
4227	18
1725	314
1104	1014
63363	1
1628	399
2190	172
12463	1
2075	191
2177	177
12450	2
1397	600
1695	390
6043	7
956	1342
1214	803
1503	474
1995	248
2220	188
1802	320
12075	1
2010	248
1098	975
1355	652
1768	320
2305	153
2003	243
6971	5
13002316	1
1884	273
1788	329
1024	1117
1395	560
2094	183
2321	154
1913	278
1949	251
2158	207
1040	1118
6673	4
1586	460
1878	297
1565	428
32591	1
11838	1
2236	166
2106	187
22268	1
1515	441
11788	1
1576	453
11642	1
32395	1
2314	160
12587	1
2229	158
6157	4
1070	1056
1771	338
925	1394
134474	1
1536	417
1361	626
1371	620
4578	16
9203	1
4116	29
7190	3
2103	179
2113	195
1300	741
32119	1
3657	34
1796	302
1845	337
3674	33
13947	1
2210	170
1333	651
2240	186
4071	22
1726	330
1044	1046
6441	6
1354	616
2115	199
1507	500
2034	217
4127	21
208715	1
1185	872
2056	214
12329	1
2048	205
2098	216
2268	144
1693	388
2203	165
12476	1
2139	196
1444	532
1822	287
1982	232
2032	234
1792	296
1381	576
2145	186
2107	169
6478	6
1391	601
1664	450
1634	397
6248	3
1161	882
2354	137
2130	192
1794	323
603668	1
1831	294
792	1730
1747	342
1718	341
1502	473
1060	1044
11333	1
2343	144
1654	391
1292	718
1423	560
1973	226
2355	124
1199	879
1981	231
1648	386
4327	14
1994224	1
1936	237
1713	336
1326	691
11599	1
2164	193
3878	17
1521	473
1661	358
43305	1
1799	327
1352	627
2079	221
1922	273
1520	513
1741	352
1413	555
2194	176
1290	738
2251	167
2131	212
1422	558
2127	177
12400	1
22991	1
2238	168
12511	1
2099	203
2242	171
1968	251
1974	247
1698	368
11971	1
6326	3
1635	432
6545	7
1458	553
1815	346
12088	1
1662	386
1816	314
12089	1
6398	4
1311	645
1821	316
22659	1
1906	285
2303	158
1207	847
1566	426
6024	5
1135	939
1812	300
6668	3
1581	423
1568	457
2322	139
1955	240
12228	1
4076	19
4264	18
6802	1
1715	366
11988	1
1840	249
6318	5
1231	798
1795	339
7259	5
2172	171
2046	219
4429	15
4015	17
45521	1
2328	152
1684	340
2176	165
12449	1
1609	431
25310	1
4557	12
2200	180
4119	15
1481	529
11754	2
4148	14
2287	141
1834	295
2304	161
6773	4
1686	355
1620430	1
1696	384
1886	302
1670	377
4415	14
3834	25
1930	260
2312	142
1667	352
11940	1
5869	6
782	1876
1590	404
1965	279
2062	207
1838	311
32657	1
6186	4
1099	1009
7269	3
2182	185
1284	695
2171	181
6734	3
1647	400
1402	589
1251	775
951	1275
6202	5
1115	893
2204	177
2282	170
1964	253
1757	354
22510	1
1737	366
12010	1
6995	3
1908	275
1574	435
1659	376
2249	178
6324	3
1237	792
1272	702
2147	179
12213	1
32966	1
1785	284
1578	457
22331	1
1833	281
1933	268
12206	1
1374	616
2073	219
12346	1
2041	226
2049	230
1867	281
1958	271
1633	446
11906	1
2324	150
22159	1
1406	595
1752	357
1037	1143
11310	1
6466	1
1379	570
2093	189
12366	1
2066	212
7995	1
5612	3
5317	9
4486	12
6258	5
4826	7
5038	11
8271	3
6080	3
5923	6
16196	1
3226	41
4736	21
6023	7
4905	9
6638	6
6666	5
6014	5
4680	9
14953	1
5535	5
4129	20
7359	4
4451	12
9421	2
6831	3
5045	13
5530	9
4685	9
4526	13
7819	3
6178	5
15785	1
5512	3
8127	1
4893	13
6788	4
24206	1
3453	33
4748	8
3113	67
4117	24
14390	1
4480	12
14753	1
6380	2
4293	12
4783	11
3018	56
198205	1
5044	6
3968	27
4055	15
4778	11
6833	3
4724	11
117727	1
3900	22
4661	11
7151	3
5958	7
7757	3
27336	1
6583	2
3045	67
6361	5
6512	6
1603583	1
5602	3
5686	5
3732	27
14005	1
2956	73
5116	10
15989	1
7402	2
9433	3
5901	3
7018	4
3388	44
13661	1
5310	5
7283	5
5526	8
6585	4
4799	9
3899	33
5255	9
7054	3
6429	6
4095	19
4982	8
5600	6
3865	21
3590	33
13863	1
4843	13
35662	1
3786	24
3948	20
5948	4
4351	14
6299	3
5006	5
6068	4
4378	13
8780	2
9782	1
6805	2
3965	24
5935	4
4044	16
6529	2
5805	4
4908	5
5226	5
4137	29
6197	3
5168	11
6837	2
5761	6
9684	1
3933	25
7001	4
17274	2
4655	9
5534	7
7813	4
19857	1
5614	7
4886	13
158981	1
7711	1
6903	3
8682	1
8638	1
7194	2
5685	6
2942	59
6458	2
5088	12
3850	27
13545	1
3272	35
8595	2
4777	14
4925	10
9669	2
4041	26
5762	7
4910	8
4943	9
13738	1
3465	40
7131	3
7696	4
5740	9
5998	6
6164	4
4594	11
4273	16
6291	1
702	2217
561033	1
5309	10
7360	5
9102	1
7026	1
4070	25
8670	2
4678	20
4471	11
25224	1
3792	19
5466	6
5280	4
7449	4
24924	1
4171	19
10042	1
6714	3
4819	8
4792	10
20329	1
6096	3
8900	2
8575	2
6372	5
6919	3
8542	1
6257	4
5194	9
4987	10
25740	1
6488	3
4204	18
7493	3
4786	11
4105	23
9661	2
5588	10
8337	2
7606	1
5259	8
5812	3
4466	10
4374	16
3881	29
4133	23
4465	12
5665	7
5910	6
57275	1
7432	3
3981	25
3905	25
5499	4
6449	2
5519	6
7573	1
4090	11
14363	1
4930	11
4723	17
25476	1
7964	2
6581	1
16854	1
3972	17
8462	1
5739	5
8375	1
4113	17
5802	6
5126	6
5687	5
3938	24
4321	13
9112	2
8881	3
8963	1
5732	4
6913	4
5836	8
8243	2
3528	28
4240	17
14513	1
5307	8
3084	42
4439	17
4433	9
4914	8
8215	2
4050	22
5584	8
6073	6
5166	12
45017	1
3511	30
7878	1
4423	18
3303	36
3096	56
23849	1
4637	10
5712	5
4738	16
3951	21
5021	6
6000	9
5095	7
25044	1
4291	13
3542	32
7994	1
6209	6
4715	8
3696	32
5101	8
3961	20
7763	2
5575	9
8942	3
28066	1
7313	1
8260	1
4725	6
5420	6
3115	59
3378	35
6442	5
5710	3
3583	28
6599	3
4094	20
3266	48
86278	1
9362	1
4229	17
5559	8
15832	1
7685	2
8246	3
3952	24
7856	3
8822	3
8652	2
5608	3
3854	30
5967	3
4027	15
4924	5
4043	25
7941	1
9888	1
4556	15
3914	19
4586	12
4887	8
7717	1
4837	8
4271	17
5035	7
9973	2
20246	1
5553	5
3633	25
10103	3
8748	1
4718	9
3852	21
4169	21
5476	5
4012	19
6615	4
7143	2
5132	11
3222	55
8314	1
7661	1
4852	12
6174	5
7524	1
7075	2
3726	28
4549	13
3989	27
7702	1
5839	4
192616	1
4237	15
55602	1
5462	4
6695	1
16347	1
78606	1
4219	24
8943	2
8797	1
3835	26
3462	39
4536	21
3903	32
3257	41
6359	7
5117	8
129635	1
5846	2
6419	5
5339	8
7758	1
6520	4
3611	24
6645	1
6348	2
4065	19
16887	1
6614	5
4638	13
4214	23
6602	3
3992	23
6692	1
4382	15
4512	9
4889	10
4500	8
14773	1
6172	3
5403	7
7037	3
6045	2
8954	1
4432	17
4335	16
6121	8
4727	11
4611	19
7034	3
3997	19
6453	5
3395	44
8160	2
5297	9
1679796	1
4918	9
4074	24
3731	28
5697	10
6388	2
5449	10
5324	1
7139	3
8489	2
5342	11
6407	4
3875	26
4617	7
4167	18
513745	1
15673	1
5400	4
6676	4
6129	5
4771	12
10204	1
17402	1
9234	1
5119	9
8796	2
4551	13
14824	1
4156	16
192349	1
5572	3
4034	26
8233	5
4651	7
5236	3
5080	9
15353	1
4906	12
3971	26
17042	1
6769	2
7553	2
402480	1
8173	1
5897	4
4026	18
14299	1
8447	1
6933	2
7125	3
7219	1
7020	2
17293	1
3630	26
6546	2
3716	36
3584	42
13857	1
8446	1
4409	16
4911	16
15184	2
3582	37
6379	5
3074	59
5009	9
4888	22
8488	3
4720	8
6036	6
4695	8
6344	7
9505	1
5118	9
6711	5
4601	14
3498	34
4978	6
5412	4
4175	15
6018	1
3704	29
4704	5
5174	10
15447	1
7595	2
17868	1
24560	1
3807	24
4188	21
8344	2
6159	3
7929	2
4629	5
14902	1
4242	12
4431	18
14704	1
5215	7
15488	1
5554	3
4479	12
566258	1
5927	8
6134	3
8354	2
6306	3
6031	3
4534	16
4824	9
6767	5
7350	2
5075	15
4843658	1
7041	2
5837	4
3617	20
6976	4
5494	7
3137	48
3733	23
2491	102
127009	1
5582	3
3880	20
3869	20
3218	37
7787	1
4535	11
4121	22
45627	1
5489	7
36308	1
3673	21
5238	3
16218	1
5945	2
4197	19
3990	18
24743	1
5841	3
8094	1
7409	2
4940	5
3846	25
86858	1
3922	25
4253	17
8564	2
39383	1
25482	1
4729	9
24177	1
3424	46
4290	21
4083	17
24836	3
7367	1
9559	2
102016	1
7098	2
9471	1
5012	7
5448	5
9090	1
7187	1
8624	2
18897	1
6791	1
6086	6
6378	3
7384	1
5903	7
16176	1
8010	2
6986	2
6941	6
5361	8
9110	2
19383	1
6497	5
4337	12
7990	1
3356	42
314	5615
18844038	1
13629	1
4493	20
3872	28
66131	1
4630	15
4743	8
15016	1
7148	2
8858	2
4932	5
4250	18
3974	15
6510	5
8182	2
4239	13
6251	5
5552	11
4605	12
7601	4
1728	336
1620462	1
5777	7
5363	6
46869	1
5981	7
5381	4
6161	4
4413	12
6349	9
3848	27
9286	1
9413	1
5354	5
4234	17
3455	35
46247	1
4741	9
5036	11
5072	5
15345	2
35891	1
3644	26
5786	2
3927	26
4872	9
5585	1
4421	8
9665	1
2593	90
6057	4
3760	31
5721	4
6771	5
9064	1
9443	1
4726	13
4759	14
4047	26
8859	3
5492	6
6468	9
8364	1
3276	33
4226	21
3297	50
4448	15
6382	5
3777	29
4538	9
14811	1
4316	13
7092	2
6885	1
27638	1
6477	6
5256	6
4123	24
3746	30
6871	4
4822	16
4780	10
5187	6
9863	2
9887	1
3502	25
4644	12
5668	2
4571	10
5138	5
4103	23
107868	1
7214	4
7450	2
5133441	1
5299	9
4057	20
128575	1
4386	11
4712	12
6647	2
9841	1
7733	1
6479	4
6275	4
37094	1
88569	1
5557	5
6265	4
7319	2
223052	1
421161	1
6101	3
7831	4
5085	6
6756	2
5142	6
5224	6
87227	1
4215	16
3652	23
8418	2
4505	21
14778	1
6090	5
8325	1
4751	12
3756	25
5797	6
4663	10
5068	4
8387	3
4146	20
30282	1
9529	4
101431	1
5162	6
9043	2
8211	1
4980	9
4456	17
5027	9
6954	3
4942	11
15215	1
8883	2
6290	8
7751	5
8441	2
7576	1
5961	6
16234	1
5111	8
4681	13
6567	8
5487	5
18545	1
8272	1
8863	1
8491	2
6793	2
7180	1
15997	1
5724	3
9873	1
3944	25
66203	1
4565	8
636380	1
9727	1
10031	1
30132	1
9379	1
38805	1
7986	3
5411	9
6530	6
8376	1
5738	3
5849	7
5782	4
6314	3
4809	13
5208	4
4380	12
87392	1
25453	1
4700	8
8510	2
5156	9
5667	3
6347	7
3876	24
14149	1
6855	4
5355	8
7706	2
6709	1
80778	1
505555	1
7483	2
9080	2
4709	10
7200	1
5741	4
6110	3
5791	4
16064	1
61258	1
38803	1
7984	5
5792	4
6912	2
5627	5
5524	5
4885	3
200072	1
9254	1
19527	1
12479634	1
7081	4
4993	12
15266	1
107768	1
4003	19
4647	14
4672	6
7167	2
5619	6
7216	3
7444	2
17717	1
9093	1
4455	14
5832	4
6897	3
5122	8
4706	9
5104	12
8826	1
4319	14
14592	1
4178	15
5004	4
8700	1
6818	6
5242	7
8591	1
7495	2
6095	6
3838	23
6513	3
7541	3
5644	6
15917	1
6930	4
5241	6
4566	8
5304	4
3444	35
5247	7
4460	19
4869	9
6002	3
4970	11
3996	24
8852	1
4634	13
6953	2
6746	4
27499	1
4994	9
5451	5
5131	10
15404	1
201353	1
97588	1
4343	15
199530	1
4687	11
6042	6
4966	6
5313	5
5270	9
16911	1
99923	1
7466	1
36432	1
5613	3
7380	1
6038	4
6929	5
6722	1
27475	1
3831	29
117869	1
14104	1
7704	3
4295	16
16469	1
4196	18
4838	7
7467	2
3897	17
4221	11
4272	17
14545	1
5769	3
3604	26
3789	18
4411	11
5419	8
4921	9
4857	8
6685	1
4665	17
5731	4
3637	28
6853	3
60762	1
9397	1
7305	4
38961	1
8142	1
9089	4
8487	3
4598	4
25083	1
4330	17
7335	1
50969	1
9463	1
7118	1
9874	2
11299901	1
3710	27
13983	1
4168	13
5452	3
4412	14
3701	18
5278	12
3892	23
5106	7
5115	8
2811	83
8535	2
18808	1
4599	12
4801	10
7161	2
17434	1
5273	9
5885	3
4891	9
4402	11
9516	1
3415	34
4450	17
55815	1
4205	22
4904	10
4248	9
7306	3
10023	1
18221	1
7948	1
305865	1
9076	2
7513	1
4232	17
35051	1
14505	1
3578	33
13851	1
5635	11
700550	1
36454	1
6147	3
4979	12
4920	7
5633	8
4463	15
29378	1
8832	1
3090	52
189867	1
4953	4
7870	1
5414	5
4900	9
3003	59
6845	3
14708382	1
7719	2
14500819	1
5673	3
18870150	1
5566	9
3058932	1
7851	3
41069	1
5163	3
7374	2
7688	2
6266	2
6066	4
306881	1
16339	1
9409	1
7640	2
15729	1
5456	5
731753	1
5398	12
15671	1
9176	2
8165	1
9931	1
20204	1
6965	2
18361	1
8088	2
17093	1
22423922	1
18410	1
8137	1
5887	12
48900	1
7808	1
45269	1
3763	27
19434	1
9161	3
3313	38
8219	1
4633	13
4222	7
35041	1
8505	3
4752	11
15025	1
3187	57
393561	2
8666	2
40886	1
3700	32
4791	12
5701	6
3481	35
3551	28
6385	4
3712	28
55077	1
6220	3
4280	19
3999	24
99214	1
6757	2
58122	1
7126	2
4062	22
3552	29
5607	12
6571	4
3956	19
4835	8
3563	24
5542	6
9435	1
7677	1
5918	4
16191	1
3764	25
7043	2
9713	1
19986	1
8140	1
5652	5
4516	9
120259	1
5858	4
7593	3
7504	2
5737	7
51008	1
50483	1
38403	1
7584	4
8332	2
4064	16
13062	1
573393	1
58997	1
7632	1
6622	1
8918	1
5654	6
7274	1
5618	4
171642	1
6088	5
16498	1
6225	4
19901	1
5034	11
15307	1
5130	13
5647	9
709361	1
3759	29
6285	4
6078	7
26831	1
4546	13
14819	1
35365	1
7715	3
19314	1
9041	2
5346	9
25662	1
4909	13
15182	1
7132	2
16219	2
5946	5
5191	5
5318	9
4228	18
4615	14
6437	3
60000	4
8635	1
18908	1
5158	7
5717	7
4523	10
7221	2
6481	3
3547	28
5263	6
6412	4
9259	1
3488	34
3727	25
3998	18
4699	18
4320	17
4125	16
6846	4
4364	19
5217	8
5677	4
6182	3
6213	5
5722	6
5672	3
4881	5
4080	14
14353	1
5306	4
7962	4
6377	2
98834	1
5385	4
5198	5
15471	1
3556	38
7198	2
7442	5
469727	1
4087	15
4659	8
6557	3
5018	9
4233	14
5378	10
4923	8
4642	8
3508	22
34327	1
4384	23
4407	11
4088	15
14361	1
4122	18
5491	4
5480	5
5576	3
4399	15
6352	5
6142	1
6888	4
4403	14
4859	8
3868	29
7452	3
194229	1
245214	1
4514	13
14787	1
8567	1
4702	14
4554	8
4648	17
6004	4
5787	2
6586	3
4362	12
4902	8
7698	1
87607	1
4595	16
4487	14
4533	9
6321	4
4404	19
19840	1
6532	6
4189	15
7615	1
5221	3
611328	1
9315	1
30068	1
4464	6
7542	2
4577	12
4934	13
38531	1
3873	23
7561	2
118352	1
5349	11
10861	1
488180	1
5015	9
4457	14
5996	4
5037	6
5063	6
5628	5
5201	7
8433	2
25301	1
4548	10
4527	15
7287	3
6795	2
9908	1
4588	8
4798	13
3719	26
5772	5
10132131	1
4667	6
14940	1
3833	26
4278	14
199465	1
3358	34
7877	2
5413	6
5416	5
5203	7
648089	1
4746	10
6992	5
3788	19
5082	11
6413	4
6851	4
3214	42
3893	28
4951	11
5396	5
4808	12
7024	2
7887	1
7789	1
4731	6
6906	3
4805	15
5854	7
6808	2
17081	1
6414	4
6100	3
5545	4
5086	12
5867705	1
15359	1
5091	7
5098	6
5319	10
7263	2
3849	16
6055	5
128769	1
4251	23
5774	3
6189	4
4288	19
7426	2
4696	6
4489	16
25242	1
5329	6
6012	8
5014	5
3886	23
3977	29
4873	10
6366	5
9475	1
50567	1
60840	1
10093	4
4587	11
10163	1
5176	5
4788	10
8795	1
7687	2
3393	33
7876	2
4440	10
6925	1
5154	6
6239	3
4408	14
14681	1
5443	7
9969	1
9002	1
5842	2
8958	1
7839	1
5650	6
5682	2
4817	14
5141	12
4895	9
56260	1
5450	5
7088	4
5606	2
4676	15
5032	9
8766	1
5040	9
378594	1
5657	4
4931	8
5074	3
9097	1
5831	4
6538	2
9268	1
4496	17
14769	1
4865	7
7838	1
6446	3
5326	4
8959	1
6346	3
7474	5
4574	10
6298	3
4670	9
7464	2
5316	7
6649	7
8762	1
7602	3
5406	10
3533	31
5440	4
4842	7
5733	4
4635	9
5114	7
7383	2
3966	24
7282	7
3781	25
14054	1
4515	11
4917	8
5108	9
10159	1
6183	4
6104	4
9507	1
7406	2
5679	3
6144	2
4341	19
7138	2
5803	3
4344	9
5816	3
6660	7
6555	8
5658	7
45765	1
4259	14
5184	12
8538	1
8532	2
5328	6
6355	4
5401	8
8472	1
5630	6
8813	1
7473	2
7927	1
18131	1
7858	2
28200	1
7447	1
8775	2
6424	3
4377	11
5289	3
7078	4
7031	1
6211	7
7277	1
7382	3
3655	29
5097	10
6234	7
9253	2
6988	2
8328	1
7689	2
6727	2
4104	14
7469	1
5013	11
6219	3
7105	3
7301	2
5666	4
5964	4
16237	1
4964	8
4289	12
14355	1
35108	1
4754	14
6436	4
6527	1
6608	3
25305	1
4552	18
7063	1
5210	5
5705	6
15978	1
7684	3
5147	4
800	1843
436613	1
4897	12
5640	4
6411	3
4684	10
99420	1
6963	3
6910	2
4243	13
6310	2
6785	2
4326	11
6119	4
5031	13
5352	7
25317	1
4564	12
6683	2
7197	1
5547	5
15820	1
6399	2
4517	16
14790	1
4927	6
5730	4
4742	11
4713	11
4569	14
7755	1
3988	17
6300	4
7840	1
5824	6
5537	6
4733	11
3798	27
5113	6
4901	11
7022	2
29172	1
8419	1
5503	3
4961	4
6092	4
5264	5
88276	1
5969	4
4190	26
4868	11
5747	3
5105	6
10033	2
9506	2
6354	10
5438	11
4983	9
6111	3
5291	11
7823	1
6611	4
5137	6
46155	1
4649	10
9600	1
8300	1
5199	11
4485	8
6672	6
6264	4
6173	1
4787	14
7050	5
17323	2
5549	5
4735	16
4607	9
6521	2
7150	4
5353	10
5671	2
4880	7
4816	6
8060	2
6167	5
5511	4
8860	1
5219	6
5510	3
8324	1
7292	1
9334	1
6917	2
5933	7
5883	6
7612	2
6642	4
6074	4
4683	5
14956	1
6056	4
4861	3
4626	14
5139	6
5083	9
4029	16
14302	1
4784	7
7572	1
3919	23
6085	2
5565	4
6677	4
17485	1
7212	3
5766	6
3967	23
27161	1
6408	3
5556	4
3804	19
3597	29
24350	1
7797	2
9797	3
16863	1
6590	2
7085	1
4958	4
6035	6
15331	1
5058	5
18622	1
8349	1
17041	1
6768	4
5059	11
4645	13
46151	1
5251	5
6131	3
8514	1
4476	17
7289	7
8788	1
6190	1
6712	3
8102	2
6899	3
5548	3
16410	1
6137	3
4469	7
7697	1
107834	1
4069	14
7404	2
6539	3
5913	5
3632	19
3969	23
1000113	1
4528	12
6126	1
4937	15
5093	3
111496	1
7731	3
5944	7
4745	10
3296	49
148567	1
6626	1
19214	1
6051	3
4140	11
6391	5
71341	1
9703	1
5497	4
5290	11
26043	1
4669	16
19096	1
1137469	2
7439	1
224496	1
8307	3
4606	10
5475	6
9300	2
7241	1
5043	8
15316	1
5834	3
3238	43
13511	1
9430	1
6957	3
7006	2
4006	21
170030	1
5662	4
6422	3
5026	5
38074	1
7255	2
38030	1
4184	14
7129	2
69388	1
7750	1
7165	1
8393	2
7113	2
17386	1
8169	2
8792	1
7938	2
7626	2
10160	1
5218	3
7477	2
6495	2
8001	1
9018	1
8661	1
6191	3
5689	7
4747	8
5748	4
4443	13
7952	1
6687	2
4110	12
5212	4
8708	2
4589	10
5509	8
5056	8
5555	6
6942	4
7266	1
5089	13
6789	5
27453	1
6700	4
5170	6
24273	1
3520	32
6444	4
5616	6
88628	1
8765	1
8178	2
6584	2
5991	3
4959	14
8038	3
4358	15
5713	5
4331	14
4033	23
5472	3
3543	30
6715	4
4616	12
5437	6
7108	4
5851	3
4981	5
6049	3
9126	1
5482	6
5275	4
26028	1
6395	3
7074	4
7734	3
161829	1
7390	2
7503	2
5445	6
4539	14
4789	10
35608	1
5681	9
8281	2
6544	3
4509	14
4410	11
14683	1
7173	2
7012	3
17285	1
6260	7
9139	1
7389	4
5976	6
7016	2
6433	2
7532	2
6124	4
8366	2
6445	6
7357	3
8485	2
10018	3
6330	4
16603	1
8464	1
100921	1
47415	1
5909	3
4797	8
7154	3
5379	7
5172	5
25925	1
6034	3
5917	5
8520	1
7847	3
223580	1
5634	5
5758	5
5651	6
5368	5
8333	1
39152	1
3816	20
3609	32
24362	1
5196	6
5303	7
7353	2
4096	17
6824	3
5292	9
5798	4
4995	8
5629	5
4965	10
4084	16
7310	3
5128	7
4562	9
1354590	1
5645	6
15918	1
4459	12
8033	2
7365	2
5469	5
6568	2
5829	5
6504	3
8531	1
5920	3
16193	1
5505	2
36324	1
5391	7
5200	7
4806	12
5880	3
5100	7
7048	2
9143	1
9239	2
6901	3
5857	6
3984	22
5415	5
36234	1
5099	7
16820	1
6547	1
7401	1
5892	5
6950	4
7608	3
4503	10
5810	4
4023	12
7753	4
5960	4
5136	5
9272	1
9688	1
40908	1
6102	6
5360	8
5377	7
5867	3
5550	5
5343	6
26096	1
4016	17
4828	10
8352	1
9583	1
5720	7
9031	4
9564	2
7458	2
17731	1
6236	4
9683	1
7392	2
3739	23
9745	2
6027	4
8887	1
6250	2
5000	12
6237	6
8404	2
18677	1
5878	4
5567	4
8309	2
5389	7
4255	11
5481	2
6745	3
5421	2
4593	18
87605	1
7375	2
6336	3
4379	11
4779	10
4542	11
9140	2
19413	1
4160	12
6435	3
28265	1
7512	4
5531	8
8731	1
7260	2
5005	8
4882	5
7725	1
17998	1
7966	1
6130	5
6609	3
8220	3
9642	1
5010	11
5150	6
8713	1
5823	2
5096	5
6127	4
4899	11
5742	5
6515	3
5479	6
4939	7
8541	1
8374	1
9129	1
6779	3
5380	2
4048	18
7590	3
5754	5
5084	11
10247	1
6396	6
6836	1
5245	11
9019	2
5369	6
7571	5
7901	2
9204	1
3957	16
7960	3
6870	2
7070	5
5546	3
4218	15
7804	1
277334	1
29662	1
9445	1
30198	1
7066	4
7171	3
18000	1
7727	1
6736	1
6150	4
4768	14
5788	8
8311	1
4814	8
5023	4
4458	16
5320	10
9895	2
8688	1
4575	10
4603	12
7604	1
4662	7
5745	6
5107	9
4693	12
46199	1
15380	1
5344	5
5483	7
6151	3
6373	3
4800	9
6139	3
5205	5
5294	7
6037	3
7846	1
26118	1
5365	4
6010	2
4929	5
15202	1
9393	2
4986	8
8914	1
6525	7
7431	2
5922	5
6108	2
8504	2
9568	1
4947	8
4827	8
8631	1
5109	3
5770	3
6952	1
24018173	2
9066	2
17115	1
17331	1
6335	1
6669	4
5827	5
6640	4
8920	2
5223	7
8685	1
7156	2
5431	7
30570	1
7091	1
7286	3
7323	1
6125	3
6886	1
6726	3
5331	3
1095754	1
6816	3
7484	1
6081	4
5161	5
4954	8
25707	1
9355	1
40174	1
10087	1
6128	2
25755	1
5002	10
16362	1
6089	2
5051	5
7883	3
5296	5
10199	2
8321	1
18594	1
3472	18
5919	7
6061	5
4998	6
35817	1
8771	1
6717	4
5457	5
9557	1
19830	1
7867	2
141420	1
7871	2
7589	1
5994	3
7728	2
7538	1
16612	1
6339	4
5963	2
7314	4
5157	10
7662	2
8695	2
5153	3
8878	2
5591	5
7003	2
6652	3
16925	1
5656	5
5081	10
5007	12
5295	6
5055	7
5771	5
6304	3
6928	2
3993	13
5261	7
5906	5
6212	4
3861	19
6409	5
98866	1
7806	2
26818300	1
5424	4
9768	1
2871350	1
7436	5
6401	4
110166	1
6809	1
5087	9
4522	14
4315	11
25068	1
6149	1
36968	1
7510	2
4664	8
5879	5
5866	9
7965	4
3799	29
6193	7
7045	3
9472	1
7577	1
6054	3
5661	6
5471	3
200658	1
15744	1
6480	3
6991	5
4618	8
7400	1
4338	14
6148	2
6353	6
6787	3
8317	2
18590	1
9178	2
5228	4
7882	1
4999	12
4619	14
6116	4
9079	2
8017	2
9394	1
26724	1
5971	4
10234	1
7082	3
5934	2
6835	4
6541	3
4790	10
7025	7
4871	4
6350	2
5940	4
5233	7
8973	1
4510	12
6786	2
6895	3
9539	1
6256	4
7097	3
8760	1
6297	4
6469	3
5337	6
68170	1
5911	3
16184	1
246402	1
10123	1
5357	3
131177	1
6659	4
6312	5
7386	2
8143	4
6526	2
7051	3
8355	2
27157	1
6404	4
6982	2
7304	2
134505	1
9987	1
7623	3
9498	2
5970	6
7690	1
9324	2
7055	1
9627	2
6834	1
10142	1
20415	1
6907	2
6214	1
5551	2
7142	2
6279	4
6656	3
5428	5
36247	1
4383	10
76294	1
6122	2
6898	4
5302	12
4294	16
1810	322
250846	1
88893	1
5881	9
20343	1
10070	1
16268	1
5995	2
68866	1
6607	2
5069	11
4834	14
8242	3
5694	6
5604	7
5617	8
7320	1
5893	2
5214	5
9635	1
5704	5
15977	1
6984	4
794774	1
6160	3
7890	1
6184	3
8523	2
6573	3
19260	1
9137	1
7836	2
4652	15
6878	4
4301	14
101089	1
306549	1
8632	3
20390	1
17507	1
7234	1
5610	3
5281	8
6492	3
5986	1
6760	2
5703	7
5801	6
16074	1
6171	4
959	1264
2740355	1
5285	2
15558	1
8438	1
6947	3
6176	4
4391	5
6713	4
10178	1
6562	5
6303	3
8778	1
7127	2
9152	1
5864	7
896	1439
498968	1
6534	4
7671	1
8691	2
7416	2
5625	5
8313	2
5268	4
10094	1
6194	1
8557	2
318496	1
7201	1
8145	2
5177	8
9831	1
7233	2
17506	1
6777	3
7178	2
8363	2
6648	2
6199	5
5025	3
5894	8
18469	1
5468	6
7195	1
6047	9
4657	11
7060	2
6985	1
7246	1
7039	6
27792	1
4977	9
6944	2
8702	2
5134	9
8605	2
7296	4
9280	1
5347	6
399654	2
6597	3
6294	5
5977	5
9147	2
49984	1
7625	2
17898	1
5678	7
2573	130
313868	1
6537	3
7720	3
5844	10
6192	3
6363	4
20111	1
38346	1
5465566	1
7527	1
7270	1
89581	1
7397	2
6093	2
7134	6
6794	1
7580	2
5719	2
7489	2
8042	2
8070	1
15206	1
409513	1
8866	2
4957	3
17804	1
7514	2
38333	1
7788	3
18122	1
18126	1
9310	1
9155	1
5659387	1
9237	1
6487	2
9115	1
5999	5
6663	6
6605	2
8326	1
8856	2
1303254	1
5090	6
6471	3
5345	6
4992	7
5708	1
8460	1
9501	1
6927	2
7245	1
5185	9
9923	1
7646	2
6858	1
5092	8
241371	1
6420	1
5785	2
7536	1
7160	4
7657	1
6461	2
4845	15
8991	1
7334	3
8644	1
7210	2
6826	5
4636	8
4862	11
5323	6
6455	5
5520	5
5889	4
7192	2
58557	1
6860	1
37886	1
17133	1
5820	3
6862	1
4973	6
5626	5
6201	2
9986	2
5370	5
8238	4
8331	1
8424	2
6588	6
4785	13
4692	6
7944	5
110082	1
6317	4
10235	2
8095	2
6360	3
8749	3
8110	3
6548	5
6874	1
9145	1
4641	14
17755	1
5504	6
5430	3
4915	10
5383	5
6397	3
6594	5
7781	3
6204	2
67015	1
4756	10
26157	1
5404	7
7425	2
6873	1
6486	2
6716	4
8474	2
4640	9
8086	2
6875	2
9210	1
8312	2
18585	1
8597	1
89340	1
6328	4
6410	2
5498	5
5807	2
6207	3
5348	9
6940	4
5676	3
5783	5
7339	1
3665	24
6540	4
6430	2
6967	2
17240	1
7591	3
10036	1
48850	1
7344	3
6185	4
277556	1
7767	3
5395	7
5763	3
6694	2
8104	1
6117	1
5190	5
26728	1
5975	8
7534	3
7272	1
6421	5
5727	4
5993	3
7866	1
5496	3
5814	5
5590	7
8136	1
7908	1
7032	2
7106	1
7814	2
6956	3
5490	8
5330	5
6140	4
4974	6
70323	1
8064	2
7754	2
10185	2
9978	2
30731	1
8302	2
6230	1
16503	1
5527	4
5463	5
9527	1
6812	4
5696	4
4854	4
5182	6
6376	3
6730	7
5850	1
10028	1
8348	1
6103	5
5706	6
7841	1
28387	1
9229	2
8115	1
7268	2
6735	4
4491	14
6362	6
4916	4
5146	9
5845	5
5276	11
9970	1
6721	2
4795	7
7267	2
7917	1
110000	1
6235	3
6245	7
20341	1
48960	1
7454	2
4762	10
5467	5
7042	2
4769	8
6489	2
5269	7
6268	2
16541	1
7101	2
5638	2
4679	8
6598	2
28402	1
7649	1
7182	1
5871	10
4773	8
4767	7
204516	1
29690	1
30523	1
9977	1
5726	2
6580	2
4913	10
600747	1
5984	3
3974399	1
8005	2
9390	1
9944	2
9030	1
7943	1
8087	2
5001	9
8477	1
4875	8
8179	2
8834	1
6153	3
7175	2
7487	1
8585	1
5900	3
6367	5
2019408	1
5486	5
46992	1
6857	4
7163	2
6749	3
48255	1
5351	6
7373	1
5060	6
9912	1
5723	5
7434	3
6022	1
6365	3
5907	5
6028	3
5684	3
6136	4
5239	7
5632	2
5393	6
10127	2
5442	8
7570	1
5464	2
5257	4
26010	1
7854	3
8554	1
7244	1
5429	3
7090	1
4352	3
7703	2
5050	8
7348	2
6434	3
7790	2
7230	1
38845	1
8026	2
5129	6
5760	3
6945	1
5622	7
8098	1
9277	2
7115	4
5852	2
6966	1
5711	2
6770	5
9173	2
8435	2
6813	4
6993	4
4766	5
15039	1
7721	6
48813	1
5202	2
8382	2
9479	2
9621	1
9585	2
5062	7
6311	3
16377	1
37130	1
28193	1
7440	2
7362	1
17635	1
6861	1
8223	2
7145	2
6386	1
5334	3
6426	2
6238	6
9971	1
8676	1
9749	1
7133	5
193468	1
6691	2
4717	6
7035	1
9840	1
8359	2
8164	1
7137	2
8156	1
7480	1
6946	5
7215	4
8449	1
7281	1
5408	3
9345	1
9865	2
3680719	1
7438	1
7297	2
6883	3
48389	1
8082	3
7664	2
15600	1
4085	20
128603	1
5327	1
5538	4
8874	3
6482	3
18187	1
7354	4
8216	2
18489	1
5921	4
8492	1
9558	1
5985	3
16258	1
5364	2
67623	1
4851	6
4230	21
66489	1
7460	2
9341	2
7472	1
47194	1
5688	3
5833	1
16106	2
10260	2
26141	1
5388	5
8735	1
9547	2
27012	1
6259	7
66861	1
4602	8
5794	2
6267	2
16540	1
5573	6
796376	1
7762	4
6416	2
6528	2
6026	5
6803	4
8162	1
5888	7
7825	1
6180	7
5939	5
6484	4
9737	2
9304	1
7528	1
6619	2
7647	2
4831	11
5743	3
9405	1
246131	1
8508	1
132000	1
8724	2
121971	1
7815	1
7919	1
7926	2
9710	1
5840	3
5931	5
5683	5
8124	1
6467	3
4990	5
6593	2
30557	1
9804	1
9350	1
131034	1
6516	3
7695	3
27168	1
6415	2
4760	9
7288	1
7550	2
6631	2
7047	1
5725	4
7795	2
8451	2
8683	2
5508	4
26911	1
6158	3
7981	4
5988	2
25823	1
5070	3
8906	1
6287	8
9994	2
8218	4
6747	2
5793	3
9779	1
7744	1
5227	5
6450	4
98907	1
6804	3
6565	2
4750	9
8503	2
6980	3
7594	1
6655	2
7332	1
7997	2
5773	3
6840	2
5692	7
9199	2
8411	1
6854	4
6550	6
9612	1
5193	7
6725	4
8728	1
8840	1
5159	7
8592	1
7603	1
6635	3
5020	6
10029	1
7217	4
5206	5
5980	5
7317	3
8957	1
9868	1
5521	6
6653	3
6146	5
9171	2
6003	2
4397	9
650462	2
7119	2
4563	11
14836	2
8928	1
6009	5
16282	1
8633	1
6634	3
8537	1
6981	3
8425	2
7407	1
9068	1
9406	3
40225	1
5151	5
6500	2
6806	2
6705	1
6021	7
6807	1
16045	1
119810	1
4972	7
7049	1
6177	5
5267	6
7746	1
20032	1
472044	1
6301	3
9588	1
9890	1
9292	1
9457	2
995665	1
17408	1
7135	2
8295	1
7302	2
8131	2
7655	1
7555	2
6253	6
5195	5
6758	3
37577	1
7586	2
9134	1
6162	1
4198	14
4320822	1
7485	2
5298	4
6949	1
4856	10
6623	1
6069	8
8319	2
5796	1
6704	3
5700	5
6617	3
7968	2
5589	7
6203	3
9596	1
10153	1
6334	3
6819	1
5653	3
8650	1
6664	2
6686	2
7899	2
7199	1
7932	2
6155	3
9625	4
5695	6
7739	1
8228	1
60486	1
9378	1
6099	3
8946	1
5932	3
6921	5
4997	4
5149	5
10661	1
487980	1
631802	1
26570	1
5817	6
4627	11
8475	1
4894	4
5848	2
5594	5
5674	4
7775	1
7413	2
6740	4
8361	2
8362	1
6228	2
6902	1
5367	10
5167	7
6323	3
9384	3
40203	1
5872	4
5578	2
15851	1
7111	2
118968	1
5284	7
4529438	1
46790	1
5698	3
5865	5
16138	1
7155	3
5691	3
9288	1
6850	1
7005	3
7681	2
8217	1
5454	6
6796	3
5103	8
5231	4
8512	2
5690	3
6877	2
5432	5
5962	3
5341	4
18746	1
81005	1
9270	1
6628	2
7770	2
5799	5
6848	1
6282	3
7988	2
7208	2
6682	4
5272	6
7062	2
567802	1
7471	1
9216	1
8808	2
19081	1
8343	2
7898	1
9966	1
7196	2
5562	6
5240	10
7193	2
6696	2
5325	4
5924	2
6368	3
5862	5
4650	8
50336	1
7059	3
173083	1
8715	1
48444	2
5875	4
7633	1
6005	3
8226	1
6533	2
17393	1
7120	1
7494	1
7290	2
90302	1
5514	5
67773	1
6135	2
8962	1
19739	1
9466	1
7222	3
27975	1
7429	1
111112	1
7347	2
7760	2
5453	9
9130	1
7053	2
9308	2
8122	1
4682	12
6535	1
8013	3
5435	5
8257	3
7798	1
8486	2
7421	2
9036	1
5778	7
5079	5
8837	2
71046	1
6576	4
28261	1
7508	1
4005	14
19302	1
7872	1
6483	3
6276	3
27029	1
7019	2
18321	1
6451	3
7033	4
5815	2
5929	4
9686	1
9222	1
6288	3
8401	2
8932	1
7315	1
5899	2
5140	8
15413	1
8649	2
10179	1
6876	3
6138	2
6997	1
8080	2
7902	1
40222	1
5795	6
5570	3
5659	6
6025	1
8146	1
7294	1
9122	1
9730	1
7799	2
6884	3
5642	6
6337	3
6564	2
8365	1
6210	4
5315	9
46821	1
5729	2
9314	1
7411	2
6364	4
5825	1
5197	6
6163	2
37840	1
27774	1
7021	2
8440	1
6829	2
6856	3
5048	5
4013	27
107778	1
7575	3
39300	1
9290	1
7936	1
7777	1
7378	3
7683	2
4810	8
7224	2
8494	1
7843	1
5992	5
5664	4
7613	2
5312	7
8304	1
5033	3
6720	1
408429	1
7782	5
4660	9
6338	1
8235	1
4945	4
8463	1
8543	1
7238	3
5707	4
7488	1
5366	5
7654	1
8864	2
7322	2
9271	2
6015	1
5470	5
70397	1
8138	1
6261	3
6041	2
6406	3
10266	1
26553	1
5800	4
5110	5
7599	1
7849	1
28602	1
8056	3
8245	2
8601	1
5744	4
2976664	1
8985	1
5951	6
17006	1
6733	3
5890	5
6295	3
5561	6
7226	1
7000	1
9431	1
7895	1
7412	2
7810	1
6272	3
27543	1
6790	1
8971	1
6559	2
160033	1
222292	1
6688	5
6724	3
6448	4
9415	1
26200	1
5447	2
5506	2
8181	1
6357	5
6892	2
18102	1
7829	2
6221	2
9179	1
7185	1
8254	3
18527	1
7248	3
7076	2
6799	1
9446	2
4793	10
7363	1
28954	1
8738	1
5165	6
6020	1
8684	1
8590	1
6241	2
31	20671
622621	1
7008	4
6452	1
7377	3
8358	2
9467	2
9700	1
19472901	1
6587	1
7428	2
6107	4
5336	10
7336	4
7324	1
7117	1
27870	1
5458	6
8678	1
8640	1
7186	2
8615	1
9228	1
16787	1
7845	1
9854	1
8871	1
6077	5
8112	1
5507	7
297146	1
6604	3
6181	5
7107	3
4208	6
8848	1
6637	4
5586	3
7928	1
9326	1
8716	2
7630	2
5409	2
6226	5
7470	5
9962	1
8972	1
8065	1
18338	1
6456	4
8966	1
9577	1
6549	3
8984	1
5983	4
8694	1
8284	1
9046	1
7738	1
7326	1
8448	1
5819	3
5978	2
7121	3
4991	4
8746	1
6473	2
7405	1
4334302	1
17678	1
56747	1
5382	3
225954	1
10221	1
16905	1
6632	2
16996	1
6723	1
20080	1
9807	1
18800	1
18795	1
7146	3
6591	3
9175	1
9857	1
5609	5
8402	2
6463	1
110228	1
7498	1
8151	2
6227	1
7708	3
7068	3
5808	3
7868	2
79779	1
7999	2
8544	2
9412	1
8153	1
5804	4
8037	2
7300	3
6754	3
10115	1
7073	1
9903	1
6553	2
16175	1
5902	3
7859	1
28612	1
6008	3
6393	3
9182	1
7873	2
7905	3
9001	2
8677	1
6889	1
9321	1
47418	1
5912	3
8253	1
19280	1
8126	3
7558	2
8698	1
6616	2
7680	1
8007	1
7824	2
5979	3
7463	3
7393	2
28522	1
7769	1
8566	2
7678	1
8791	2
6618	1
6152	2
8018	1
5898	3
8072	1
7240	3
19906	1
7497	2
7316	3
18458	1
5372	3
7069	2
7122	3
48057	1
6551	1
6838	3
9639	1
5532	3
6651	4
6154	4
6890	3
7303	3
6375	2
6603	1
8589	2
7567	1
5641	5
9722	1
19995	1
5359	6
6999	4
28812	1
8059	2
7278	2
6165	1
5936	2
7261	2
5757	4
7894	1
39395	1
8133	1
6882	2
6322	3
7743	3
6680	1
5861	2
9004	1
7666	2
6621	2
9266	1
7104	3
7533	2
5394	4
4919	6
8381	1
8415	1
5569	5
5755	4
6499	1
6887	1
9574	1
6868	2
7491	1
9980	1
5571	2
15844	1
7162	1
8692	1
10102	2
18920	1
7262	3
9767	1
7158	3
7802	2
7251	3
7153	3
6560	1
5715	3
6205	5
9657	1
7065	2
6170	5
6661	2
9896	1
8528	1
8431	2
4935	7
15208	1
6443	2
7080	2
6742	2
7891	1
5636	4
6810	3
6058	4
16124	1
36877	1
6681	2
5500	6
5529	6
7519	2
10108	1
6625	2
6782	2
7933	3
7202	3
8067	2
6079	4
8921	1
10129	1
5775	2
7419	2
202606	1
5746	3
5192	7
8205	1
6732	4
6960	5
8032	1
5179	7
3204564	1
8602	2
8714	1
48464	1
6958	2
4257	10
8278	2
8083	1
6866	3
6914	5
8180	1
6748	2
7559	2
8893	2
6507	4
7191	3
8356	3
7822	2
9011	1
7511	1
7665	2
6827	2
7476	3
8519	1
8901	2
5175	3
20287	1
7009	3
7923	3
20532	1
61153	1
2801258	2
7002	1
8720	1
7982	1
8996	1
16873	1
8196	1
28949	1
38384	1
51009	1
9376	1
97998	1
5541	3
81421	1
9510	1
7017	3
2486	117
4900194	1
18871	1
2181	170
645524	1
38612	1
7793	2
19960	1
19953	1
3962753	1
6690	3
19301	1
9028	1
40881	1
20128	1
9451	1
30204	1
7213	1
7535	2
29026	1
8480	2
7963	1
610260	1
8423	1
29176	1
8395	1
7351	4
7144	1
27897	1
8546	2
39402	1
39475	1
8656	1
6417	1
78328	1
9698	1
6627	4
8414	2
19515	1
101688	1
100025	1
151974	1
30169	2
9623	1
49055	1
7549	1
6518	1
6105	3
98562	1
5587	3
7038	2
7291	2
8889	2
6699	2
7778	1
9821	1
9581	1
5753	3
36572	1
5830	2
6179	2
6503	1
7086	3
6977	2
10135	1
6764	1
7730	1
7223	2
7170	1
5870	1
6506	2
7991	2
5544	4
6400	1
7358	1
9707	1
6579	2
7924	1
7345	1
29395	1
8277	1
29030	1
10146	1
30728	1
9975	2
8347	2
8368	1
6447	1
143064	1
6926	2
8613	1
8550	2
7492	1
28245	1
7972	2
5937	2
6556	2
100307	1
7850	1
4811	6
2327	150
251363	1
6671	4
5966	1
8646	1
8821	1
7993	1
12171	1
2689308	1
8055	1
7014	2
19259	1
8948	3
9659	1
9352	2
7152	3
9640	1
10205	2
20036	1
5515	5
6425	3
6097	4
9269	1
9224	1
7093	1
19222	1
8949	1
7166	2
7499	1
9330	1
19603	1
6254	1
7346	1
9169	2
7906	2
7669	3
7462	2
28215	1
9040	1
17661	1
7388	2
9798	1
6891	1
8011	1
9794	1
9153	1
7692	1
9265	2
9125	1
5914	3
8161	3
19513	1
9240	2
9664	1
40483	1
6502	1
8293	1
6595	2
8006	1
6431	3
6841	2
5735	4
7942	2
5895	3
8000	2
6232	1
9543	1
8203	1
6033	4
9884	2
8740	2
7909	2
10174	1
7748	3
6643	1
5574	3
6262	3
5648	3
8386	3
9339	1
6383	3
6470	3
10006	1
6457	1
40967	1
9195	1
6169	1
8256	2
109458	1
5693	3
8732	1
6459	1
16732	1
9003	1
18301	1
6780	2
8734	2
9434	1
7298	1
17571	1
5133	3
7826	3
6006	1
6289	4
111459	1
7694	2
10232	1
6240	1
6706	3
8873	1
8621	1
39440	1
6924	2
7635	1
5751	1
8518	1
6852	2
7457	3
5734	3
8159	2
6341	2
7414	1
6778	2
8770	1
9035	1
8306	1
5702	6
10151	1
7951	3
6654	2
8392	1
6247	4
6307	3
8926	1
7112	2
9536	1
5768	4
5942	3
5709	3
6403	3
6761	2
337587	1
5539	3
6048	3
7659	3
6570	3
7921	2
7264	2
9526	2
1026423	1
5699	2
8693	1
7455	1
9955	1
9480	1
6193874	1
8117	2
6751	1
5716	4
109481	1
10086	1
5501	5
7423	1
10239	1
8894	1
7889	1
8997	1
7183	1
7052	1
8895	1
40771	2
6472	1
5621	2
7311	1
19076	1
8294	1
9057	1
7642	3
18657	1
8384	1
18520	1
29851	1
9098	1
8815	1
6522	4
8955	1
29708	1
7805	1
16547	1
6274	1
19453	1
5882	3
8453	1
7451	4
6329	1
6017	2
6849	2
8819	1
8444	1
6118	2
9886	1
5765	1
8106	1
3322	37
501394	1
5916	5
6371	1
7164	2
7766	1
7445	3
9555	1
299003	1
8461	4
6052	3
5405	4
9367	1
9649	1
7530	1
6610	1
9118	1
6684	4
7620	1
9055	1
7729	1
8779	2
6351	3
6879	2
10022	1
6865	1
49816	1
8310	2
130081	1
5563	4
7284	2
5623	3
7651	1
6229	3
8673	1
9299	1
5950	1
8855	1
7701	1
5736	1
5718	7
6987	2
6283	1
6402	2
16675	1
6462	1
7818	2
9338	1
8777	1
4844	5
7916	1
8983	2
89974	1
6962	1
6678	1
9594	1
4581	2
7714	1
9264	1
19041	1
8768	1
9617	1
29142	1
8389	1
5779	3
10228	1
9634	1
7946	1
8259	2
5855	5
8992	1
5790	1
6296	1
9493	2
6531	2
10053	1
8141	1
8611	1
7130	2
153977	1
8706	2
7279	2
6964	1
7971	1
7220	3
6589	2
7539	1
6739	1
9009	1
8536	2
6343	3
5540	4
9124	1
6112	4
8370	1
5102	6
212632	1
7172	1
6601	1
6224	2
7884	1
7709	2
9786	1
8675	1
10152	1
30507	1
9754	1
29517	1
8764	1
19037	1
9689	1
8493	1
6843	2
8077	1
7912	1
7830	1
6776	2
7057	3
7740	3
10035	1
10026	1
8052	1
9453	1
8500	2
29253	1
8707	1
6741	1
3234425	1
8090	1
7907	2
8250	3
29003	1
8457	3
1591	425
686440	1
17234	1
7904	1
8790	2
7935	1
7207	1
6491	1
8606	1
7149	1
195900	1
9123	1
9025	1
8978	1
110028	1
6263	2
8119	1
9518	1
5611	3
7833	1
7523	1
17796	1
8371	1
8308	1
7959	1
6563	2
10186	1
7915	1
7880	2
7046	1
9589	1
10203	1
6646	3
5660	3
7700	1
8936	1
7658	1
7579	2
9484	2
10080	1
9497	1
8726	1
8561	1
8811	1
6524	2
6198	4
173820	1
7796	2
9802	1
6633	1
7218	1
5213	2
6575	2
5908	1
7479	3
6340	2
6900	2
10227	1
6973	1
7116	2
7893	1
9576	1
9490	1
8044	1
9546	1
6693	1
9077	1
7456	1
5838	2
8336	1
8565	2
8816	3
5536	5
6641	1
7621	1
7958	1
6881	2
8298	1
6759	1
7869	2
7627	1
7643	2
7329	2
29398	1
8645	1
10267	1
8346	1
6908	3
7852	1
6832	3
9909	2
37959	1
8988	1
30261	1
9026	1
20371	1
20334	1
9382	1
8805	1
3359006	1
6286	4
27039	1
9132	1
9133	1
7614	1
7507	1
8709	2
7794	1
26984	1
6231	3
77995	1
6084	1
7557	1
6432	2
111330	1
8066	2
70325	1
5859	2
7832	1
6394	1
7516	2
9867	1
8262	1
8476	1
7816	1
29895	1
9142	1
8286	1
9714	1
7023	2
7443	1
10263	1
6969	1
30355	1
7786	3
18250	1
59756	1
61182	1
6418	1
9020	1
7433	2
7522	1
8686	1
7422	2
9929	1
299641	1
9099	1
10071	1
8089	1
9247	1
9951	1
9156	1
8751	1
6893	2
6762	1
7500	1
8116	1
5968	2
7176	1
6909	3
7987	2
5877	3
9818	2
6222	1
7779	1
9251	1
8166	2
9540	1
8123	1
101301	1
7225	1
9436	1
6505	1
5230	4
399537	1
8174	3
8213	1
6752	1
9249	1
9283	1
7631	3
7189	1
59276	1
59461	1
20053	1
3151873	1
19030	1
39781	1
19028	1
18009	1
9343	1
779984	1
9789	1
19204	1
8793	1
6744	1
9401	1
6325	1
10004	1
8469	1
10025	1
6998	1
10064	1
7338	1
9674	1
5160	1
7095	2
7554	1
7969	1
7295	1
8150	1
132668	1
40300	1
9206	1
7713	1
8990	1
8276	1
27930	1
7177	2
9519	1
8739	1
7408	1
8812	1
8553	1
8785	1
6123	1
7370	1
6920	1
9038	1
7109	1
7064	1
8111	1
9556	1
9465	1
7764	2
6387	1
7249	1
6959	2
3244427	1
6675	2
8372	1
9530	1
9663	1
7636	2
9630	1
27932	1
7179	1
9791	1
6109	2
10099	1
6737	1
7934	1
9027	1
8533	1
8036	1
17870	1
30565	1
5502	2
4674	8
87686	1
6474	1
6071	1
18589	1
9202	1
9667	1
91570	1
9386	1
28656	1
7903	1
7674	1
8292	1
10091	1
7619	1
7607	1
9208	1
6132	1
8248	1
712617	1
7015	2
9488	1
5374	1
9675	1
5997	2
9450	1
9650	1
7973	1
9915	1
8297	1
9928	1
8466	1
6825	1
7299	2
9050	1
6763	1
6578	2
10009	1
40487	1
9851	1
30604	1
9284	1
30037	1
18782	1
7430	1
6922	1
7096	1
6423	1
9641	2
6880	1
8568	1
29880	1
9127	1
29259	1
8506	1
8183	1
8301	1
28993	1
8240	1
9984	1
9189	1
6428	1
10020	1
7061	3
6277	1
6233	1
9899	1
9063	1
7910	1
7645	1
7427	1
8175	1
7862	1
5990	2
10254	1
8193	1
